-100.0 1.0000034222933303
-99.9 1.0000034222933276
-99.8 1.0000034222933236
-99.7 1.0000034222933136
-99.6 1.0000034222933036
-99.5 1.000003422293289
-99.4 1.0000034222932725
-99.3 1.0000034222932548
-99.2 1.0000034222932381
-99.1 1.0000034222932208
-99.0 1.0000034222932062
-98.9 1.000003422293194
-98.8 1.0000034222931877
-98.7 1.0000034222931848
-98.6 1.0000034222931882
-98.5 1.000003422293199
-98.4 1.0000034222932166
-98.3 1.0000034222932401
-98.2 1.0000034222932725
-98.1 1.0000034222933087
-98.0 1.0000034222933476
-97.9 1.0000034222933885
-97.8 1.0000034222934286
-97.7 1.0000034222934633
-97.6 1.0000034222934926
-97.5 1.0000034222935121
-97.4 1.0000034222935192
-97.3 1.0000034222935124
-97.2 1.0000034222934908
-97.1 1.0000034222934526
-97.0 1.0000034222934
-96.9 1.000003422293331
-96.8 1.0000034222932515
-96.7 1.0000034222931617
-96.6 1.0000034222930703
-96.5 1.00000342229298
-96.4 1.000003422292897
-96.3 1.0000034222928278
-96.2 1.00000342229278
-96.1 1.000003422292758
-96.0 1.0000034222927678
-95.9 1.0000034222928118
-95.8 1.0000034222928926
-95.7 1.0000034222930068
-95.6 1.0000034222931555
-95.5 1.0000034222933327
-95.4 1.0000034222935306
-95.3 1.000003422293736
-95.2 1.0000034222939422
-95.1 1.0000034222941305
-95.0 1.000003422294291
-94.9 1.0000034222944072
-94.8 1.0000034222944667
-94.7 1.0000034222944558
-94.6 1.0000034222943714
-94.5 1.0000034222942062
-94.4 1.0000034222939607
-94.3 1.0000034222936387
-94.2 1.0000034222932552
-94.1 1.0000034222928222
-94.0 1.0000034222923642
-93.9 1.0000034222919065
-93.8 1.00000342229148
-93.7 1.0000034222911118
-93.6 1.0000034222908367
-93.5 1.000003422290683
-93.4 1.0000034222906784
-93.3 1.0000034222908354
-93.2 1.0000034222911742
-93.1 1.000003422291688
-93.0 1.0000034222923704
-92.9 1.0000034222931977
-92.8 1.0000034222941352
-92.7 1.0000034222951364
-92.6 1.0000034222961467
-92.5 1.0000034222971026
-92.4 1.0000034222979344
-92.3 1.0000034222985732
-92.2 1.0000034222989576
-92.1 1.0000034222990257
-92.0 1.000003422298738
-91.9 1.0000034222980656
-91.8 1.0000034222970056
-91.7 1.0000034222955734
-91.6 1.0000034222938183
-91.5 1.0000034222918095
-91.4 1.0000034222896454
-91.3 1.000003422287443
-91.2 1.0000034222853404
-91.1 1.000003422283482
-91.0 1.0000034222820173
-90.9 1.0000034222810898
-90.8 1.0000034222808225
-90.7 1.000003422281315
-90.6 1.0000034222826302
-90.5 1.0000034222847862
-90.4 1.0000034222877487
-90.3 1.000003422291427
-90.2 1.0000034222956788
-90.1 1.0000034223002958
-90.0 1.0000034223050367
-89.9 1.0000034223096113
-89.8 1.000003422313709
-89.7 1.000003422317008
-89.6 1.0000034223192031
-89.5 1.0000034223200212
-89.4 1.0000034223192416
-89.3 1.0000034223167182
-89.2 1.0000034223124026
-89.1 1.00000342230635
-89.0 1.0000034222987357
-88.9 1.0000034222898546
-88.8 1.000003422280119
-88.7 1.0000034222700418
-88.6 1.0000034222602256
-88.5 1.0000034222513225
-88.4 1.000003422244006
-88.3 1.0000034222389331
-88.2 1.000003422236696
-88.1 1.0000034222377734
-88.0 1.0000034222424954
-87.9 1.0000034222509977
-87.8 1.0000034222631926
-87.7 1.0000034222787482
-87.6 1.0000034222970808
-87.5 1.000003422317354
-87.4 1.0000034223385164
-87.3 1.0000034223593335
-87.2 1.0000034223784433
-87.1 1.0000034223944325
-87.0 1.0000034224059229
-86.9 1.0000034224116487
-86.8 1.0000034224105736
-86.7 1.0000034224019594
-86.6 1.00000342238547
-86.5 1.0000034223612224
-86.4 1.0000034223298402
-86.3 1.000003422292472
-86.2 1.0000034222507843
-86.1 1.0000034222069034
-86.0 1.000003422163351
-85.9 1.0000034221229126
-85.8 1.000003422088508
-85.7 1.0000034220630087
-85.6 1.0000034220490628
-85.5 1.00000342204889
-85.4 1.0000034220640974
-85.3 1.0000034220955094
-85.2 1.0000034221430205
-85.1 1.0000034222054917
-85.0 1.0000034222807135
-84.9 1.0000034223654068
-84.8 1.0000034224553256
-84.7 1.0000034225453946
-84.6 1.000003422629952
-84.5 1.0000034227030319
-84.4 1.000003422758706
-84.3 1.0000034227914765
-84.2 1.000003422796661
-84.1 1.0000034227707857
-84.0 1.0000034227119454
-83.9 1.0000034226201002
-83.8 1.0000034224972922
-83.7 1.00000342234774
-83.6 1.0000034221778331
-83.5 1.0000034219959626
-83.4 1.0000034218122118
-83.3 1.0000034216379254
-83.2 1.0000034214851226
-83.1 1.0000034213658204
-83.0 1.0000034212912834
-82.9 1.0000034212712208
-82.8 1.000003421313008
-82.7 1.000003421420961
-82.6 1.0000034215957203
-82.5 1.000003421833794
-82.4 1.0000034221273189
-82.3 1.0000034224640584
-82.2 1.0000034228276984
-82.1 1.0000034231983939
-82.0 1.0000034235536568
-81.9 1.000003423869458
-81.8 1.0000034241215892
-81.7 1.000003424287165
-81.6 1.0000034243462277
-81.5 1.000003424283314
-81.4 1.0000034240889488
-81.3 1.0000034237608726
-81.2 1.0000034233049973
-81.1 1.0000034227358994
-81.0 1.000003422076859
-80.9 1.0000034213593294
-80.8 1.0000034206218442
-80.7 1.0000034199083738
-80.6 1.0000034192661535
-80.5 1.0000034187430809
-80.4 1.0000034183848012
-80.3 1.0000034182315996
-80.2 1.0000034183153164
-80.1 1.0000034186564273
-80.0 1.0000034192615432
-79.9 1.000003420121473
-79.8 1.000003421210087
-79.7 1.0000034224840935
-79.6 1.0000034238838995
-79.5 1.0000034253355703
-79.4 1.0000034267539164
-79.3 1.0000034280466572
-79.2 1.000003429119454
-79.1 1.0000034298816474
-79.0 1.0000034302523757
-78.9 1.0000034301667151
-78.8 1.0000034295814721
-78.7 1.0000034284801969
-78.6 1.000003426877027
-78.5 1.000003424819
-78.4 1.0000034223865277
-78.3 1.0000034196918381
-78.2 1.0000034168752452
-78.1 1.0000034140993272
-78.0 1.0000034115411056
-77.9 1.0000034093825392
-77.8 1.0000034077997557
-77.7 1.0000034069515127
-77.6 1.0000034069675499
-77.5 1.0000034079374982
-77.4 1.0000034099011
-77.3 1.0000034128404682
-77.2 1.0000034166751042
-77.1 1.0000034212602644
-77.0 1.0000034263891762
-76.9 1.0000034317994064
-76.8 1.0000034371834026
-76.7 1.0000034422030586
-76.6 1.0000034465077787
-76.5 1.0000034497552501
-76.4 1.0000034516338965
-76.3 1.0000034518856915
-76.2 1.00000345032793
-76.1 1.0000034468723682
-76.0 1.0000034415403425
-75.9 1.0000034344724047
-75.8 1.0000034259314232
-75.7 1.0000034162983247
-75.6 1.0000034060600875
-75.5 1.0000033957900123
-75.4 1.0000033861208055
-75.3 1.0000033777114419
-75.2 1.0000033712092034
-75.1 1.0000033672087374
-75.0 1.0000033662102394
-74.9 1.0000033685791974
-74.8 1.000003374510212
-74.7 1.0000033839975262
-74.6 1.0000033968147557
-74.5 1.0000034125061028
-74.4 1.0000034303908671
-74.3 1.0000034495825325
-74.2 1.000003469022843
-74.1 1.0000034875304091
-74.0 1.0000035038623398
-73.9 1.0000035167862684
-73.8 1.0000035251591741
-73.7 1.0000035280085044
-73.6 1.0000035246104515
-73.5 1.000003514559968
-73.4 1.000003497827143
-73.3 1.000003474795067
-73.2 1.0000034462751342
-73.1 1.0000034134969222
-73.0 1.0000033780712285
-72.9 1.0000033419263419
-72.8 1.000003307219316
-72.7 1.0000032762254576
-72.6 1.000003251210765
-72.5 1.0000032342932235
-72.4 1.0000032272999848
-72.3 1.0000032316282268
-72.2 1.000003248118061
-72.1 1.0000032769461336
-72.0 1.0000033175483818
-71.9 1.0000033685798657
-71.8 1.000003427918376
-71.7 1.0000034927167747
-71.6 1.000003559506475
-71.5 1.000003624351471
-71.4 1.000003683048625
-71.3 1.0000037313661967
-71.2 1.0000037653087577
-71.1 1.0000037813934044
-71.0 1.000003776919694
-70.9 1.0000037502144818
-70.8 1.0000037008329863
-70.7 1.000003629699034
-70.6 1.0000035391704742
-70.5 1.0000034330199905
-70.4 1.0000033163264646
-70.3 1.0000031952774981
-70.2 1.0000030768889507
-70.1 1.0000029686523195
-70.0 1.0000028781251267
-69.9 1.0000028124830667
-69.8 1.0000027780556502
-69.7 1.0000027798693127
-69.6 1.0000028212237169
-69.5 1.0000029033279991
-69.4 1.0000030250239078
-69.3 1.0000031826217926
-69.2 1.000003369872763
-69.1 1.0000035780955985
-69.0 1.0000037964698176
-68.9 1.0000040124967224
-68.8 1.0000042126184083
-68.7 1.000004382971575
-68.6 1.0000045102396093
-68.5 1.0000045825541954
-68.4 1.0000045903884034
-68.3 1.0000045273780036
-68.2 1.0000043910076724
-68.1 1.000004183104329
-68.0 1.0000039100904476
-67.9 1.0000035829650646
-67.8 1.0000032169976416
-67.7 1.0000028311382552
-67.6 1.0000024471649875
-67.5 1.0000020886045393
-67.4 1.0000017794743714
-67.3 1.0000015429038154
-67.2 1.000001399698331
-67.1 1.000001366916069
-67.0 1.0000014565299917
-66.9 1.0000016742523512
-66.8 1.0000020186009255
-66.7 1.0000024802868528
-66.6 1.0000030420003512
-66.5 1.0000036786606707
-66.4 1.000004358178499
-66.3 1.0000050427514007
-66.2 1.0000056906762627
-66.1 1.0000062586191243
-66.0 1.0000067042363854
-65.9 1.0000069889973267
-65.8 1.000007081022647
-65.7 1.0000069577323754
-65.6 1.0000066080939582
-65.5 1.000006034278665
-65.4 1.0000052525711858
-65.3 1.0000042934289588
-65.2 1.0000032006485104
-65.1 1.0000020296582044
-65.0 1.000000845013532
-64.9 0.9999997172166658
-64.8 0.9999987190141381
-64.7 0.9999979213453418
-64.6 0.9999973891236624
-64.5 0.9999971770363841
-64.4 0.9999973255542945
-64.3 0.9999978573506237
-64.2 0.9999987743420883
-64.1 1.0000000555784085
-64.0 1.0000016562137233
-63.9 1.000003507783512
-63.8 1.0000055199743956
-63.7 1.000007584003704
-63.6 1.0000095776192712
-63.5 1.0000113715921595
-63.4 1.0000128374190849
-63.3 1.0000138557960694
-63.2 1.0000143252933944
-63.1 1.0000141705767818
-63.0 1.0000133494983423
-62.9 1.0000118584322568
-62.8 1.0000097353515018
-62.7 1.0000070603190179
-62.6 1.0000039532756533
-62.5 1.000000569218595
-62.4 0.9999970910497361
-62.3 0.9999937205108176
-62.2 0.9999906677009591
-62.1 0.9999881396948569
-62.0 0.999986328762102
-61.9 0.9999854006542952
-61.8 0.9999854834030656
-61.7 0.9999866570798656
-61.6 0.9999889450155448
-61.5 0.9999923070556493
-61.4 0.9999966355097571
-61.3 1.0000017545009643
-61.2 1.0000074233907357
-61.1 1.0000133448072843
-61.0 1.0000191775226461
-60.9 1.0000245540114283
-60.8 1.0000291020198668
-60.7 1.0000324689421798
-60.6 1.0000343473250086
-60.5 1.0000344994859596
-60.4 1.0000327791104529
-60.3 1.0000291478227907
-60.2 1.0000236851110995
-60.1 1.000016590574301
-60.0 1.0000081781664918
-59.9 0.9999988628305561
-59.8 0.9999891405273179
-59.7 0.9999795630907707
-59.6 0.9999707095274892
-59.5 0.999963155337289
-59.4 0.9999574412237242
-59.3 0.9999540422879029
-59.2 0.9999533385729334
-59.1 0.9999555877492066
-59.0 0.9999609008577225
-58.9 0.9999692223489293
-58.8 0.9999803160852949
-58.7 0.9999937593744107
-58.6 1.0000089472918112
-58.5 1.000025109374889
-58.4 1.0000413401121155
-58.3 1.0000566434973202
-58.2 1.000069990362776
-58.1 1.0000803854511775
-58.0 1.0000869395199392
-57.9 1.0000889405034126
-57.8 1.0000859171659755
-57.7 1.0000776889371756
-57.6 1.0000643967579104
-57.5 1.0000465116453194
-57.4 1.0000248200144226
-57.3 1.0000003871877134
-57.2 0.9999745025706392
-57.1 0.999948611328372
-57.0 0.9999242378731648
-56.9 0.9999029060644604
-56.8 0.999886059944779
-56.7 0.9998749874558959
-56.6 0.9998707483543247
-56.5 0.9998741068927826
-56.4 0.9998854700300092
-56.3 0.9999048330159798
-56.2 0.9999317359431011
-56.1 0.999965236780427
-56.0 1.0000039078881175
-55.9 1.000045863401318
-55.8 1.0000888236849705
-55.7 1.0001302200986266
-55.6 1.000167338768908
-55.5 1.0001974965442395
-55.4 1.0002182367199528
-55.3 1.000227527543887
-55.2 1.000223943948007
-55.1 1.0002068131079562
-55.0 1.0001763075349943
-54.9 1.0001334751013122
-54.8 1.0000802027898505
-54.7 1.000019118749891
-54.6 0.999953444001821
-54.5 0.9998868096148519
-54.4 0.9998230565946028
-54.3 0.9997660339504604
-54.2 0.999719406088929
-54.1 0.9996864750487101
-54.0 0.9996700177662899
-53.9 0.9996721351286628
-53.8 0.9996941092010109
-53.7 0.9997362681177507
-53.6 0.999797864157665
-53.5 0.9998769780394668
-53.4 0.9999704693773226
-53.3 1.0000739972355734
-53.2 1.000182133883791
-53.1 1.0002885881282977
-53.0 1.0003865421968783
-52.9 1.0004690896709203
-52.8 1.0005297441675323
-52.7 1.0005629728332455
-52.6 1.0005646986569454
-52.5 1.0005327137774542
-52.4 1.0004669535131852
-52.3 1.0003695970721762
-52.2 1.0002449832339277
-52.1 1.0000993537064429
-52.0 0.999940458677564
-51.9 0.9997770739774782
-51.8 0.9996184842871357
-51.7 0.9994739811254418
-51.6 0.9993524095330009
-51.5 0.9992617772643019
-51.4 0.9992089201633453
-51.3 0.9991992027428529
-51.2 0.9992362282344094
-51.1 0.9993215396579943
-51.0 0.9994543118728105
-50.9 0.9996310601080547
-50.8 0.9998454166969406
-50.7 1.0000880471266747
-50.6 1.0003467822065135
-50.5 1.0006070307040889
-50.4 1.0008525055626996
-50.3 1.0010662505475814
-50.2 1.001231900667669
-50.1 1.001335059438717
-50.0 1.001364639995787
-49.9 1.0013140043137425
-49.8 1.0011817502758786
-49.7 1.0009720393094836
-49.6 1.0006944210772966
-49.5 1.0003631846278496
-49.4 0.9999963331361896
-49.3 0.999614327954046
-49.2 0.9992387667652692
-49.1 0.9988911460404826
-49.0 0.9985918131047459
-48.9 0.9983591486252548
-48.8 0.9982089520388407
-48.7 0.9981539479562005
-48.6 0.998203306078621
-48.5 0.9983620795049266
-48.4 0.9986305163234825
-48.3 0.9990032771105771
-48.2 0.999468678162068
-48.1 1.0000081541492545
-48.0 1.0005961721280738
-47.9 1.0012008151876035
-47.8 1.0017851828505897
-47.7 1.0023096340894915
-47.6 1.0027347476821604
-47.5 1.0030247231106713
-47.4 1.0031508262188156
-47.3 1.0030944264482655
-47.2 1.0028491948636353
-47.1 1.0024221365734791
-47.0 1.0018333019695056
-46.9 1.0011142271721665
-46.8 1.0003053541712232
-46.7 0.9994528332694544
-46.6 0.9986051809264715
-46.5 0.9978102380826579
-46.4 0.9971127524246713
-46.3 0.9965527197813769
-46.2 0.996164408991041
-46.1 0.9959758130334756
-46.0 0.9960081647516452
-45.9 0.9962751599320613
-45.8 0.9967816507957132
-45.7 0.9975217873501795
-45.6 0.9984768450274502
-45.5 0.9996132204784035
-45.4 1.0008812366780557
-45.3 1.0022154203215692
-45.2 1.0035367730128066
-45.1 1.0047572634163642
-45.0 1.0057863681610966
-44.9 1.006539062342602
-44.8 1.0069442978630234
-44.7 1.0069527958684754
-44.6 1.0065429785328641
-44.5 1.0057240937391467
-44.4 1.0045360126082898
-44.3 1.003045726856899
-44.2 1.0013411311989853
-44.1 0.9995231268269693
-44.0 0.9976973241835148
-43.9 0.995966597395388
-43.8 0.9944254478205123
-43.7 0.9931566313984698
-43.6 0.992229907089153
-43.5 0.9917022134707535
-43.4 0.9916182162584404
-43.3 0.9920100933286397
-43.2 0.9928956743547946
-43.1 0.9942745901668721
-43.0 0.9961227987615667
-42.9 0.9983865736778711
-42.8 1.0009775818878168
-42.7 1.003770883349212
-42.6 1.0066074593308227
-42.5 1.009302221524367
-42.4 1.0116574706619135
-42.3 1.0134806506439176
-42.2 1.0146042211864565
-42.1 1.014904786909555
-42.0 1.014318455716746
-41.9 1.0128498338731566
-41.8 1.0105730503477384
-41.7 1.0076245628026543
-41.6 1.004188960507102
-41.5 1.000480233893726
-41.4 0.9967217438746118
-41.3 0.9931282096948566
-41.2 0.9898924004535672
-41.1 0.9871779847589899
-41.0 0.9851184331683309
-40.9 0.9838203388651179
-40.8 0.9833683961985016
-40.7 0.9838288525417331
-40.6 0.9852486742656189
-40.5 0.9876488940423686
-40.4 0.991012386813994
-40.3 0.9952682534514236
-40.2 1.0002766016473985
-40.1 1.0058183667022886
-40.0 1.011594617516366
-39.9 1.0172384764211495
-39.8 1.0223405352459145
-39.7 1.026485899048473
-39.6 1.029298312681925
-39.5 1.0304848352943372
-39.4 1.0298737283275072
-39.3 1.0274388864297186
-39.2 1.0233062296290085
-39.1 1.0177406266162896
-39.0 1.0111155074773348
-38.9 1.0038705872883247
-38.8 0.9964653268558887
-38.7 0.9893363708881857
-38.6 0.9828660296989855
-38.5 0.977366112087491
-38.4 0.9730776561223756
-38.3 0.9701831878391548
-38.2 0.9688249944917137
-38.1 0.969121327158253
-38.0 0.9711729176830749
-37.9 0.9750547172789814
-37.8 0.9807918552006262
-37.7 0.9883235795161881
-37.6 0.9974632526810612
-37.5 1.0078652278469113
-37.4 1.019009806879672
-37.3 1.0302151555535395
-37.2 1.0406803142375491
-37.1 1.0495571714949985
-37.0 1.0560427688315273
-36.9 1.0594780379834228
-36.8 1.0594363261247899
-36.7 1.0557856458972337
-36.6 1.0487126024422129
-36.5 1.0387027334844134
-36.4 1.026480217541163
-36.3 1.0129178221881388
-36.2 0.9989338123167889
-36.1 0.9853949260923918
-36.0 0.973042780323449
-35.9 0.9624554283397866
-35.8 0.954047414349463
-35.7 0.9481023957011782
-35.6 0.9448243896486992
-35.5 0.9443889136420415
-35.4 0.9469750430543427
-35.3 0.9527640197811761
-35.2 0.9618986831781037
-35.1 0.9744088198893904
-35.0 0.9901180533793948
-34.9 1.0085555270330495
-34.8 1.0288982866597685
-34.7 1.049966874586488
-34.6 1.070287488309066
-34.5 1.0882207825788148
-34.4 1.1021427344384744
-34.3 1.1106501930136459
-34.2 1.1127558463536067
-34.1 1.1080364858216654
-34.0 1.0967052979647125
-33.9 1.0795924183462011
-33.8 1.0580355227427656
-33.7 1.0337001255840363
-33.6 1.00836354127325
-33.5 0.9837037941170879
-33.4 0.961133209397412
-33.3 0.9417059946097911
-33.2 0.9261118807619352
-33.1 0.9147475684699519
-33.0 0.9078389404937659
-32.9 0.9055742588156854
-32.8 0.9082051705363796
-32.7 0.9160795855006127
-32.6 0.9295871999050709
-32.5 0.949021152950625
-32.4 0.9743829135848576
-32.3 1.005176363659214
-32.2 1.040246289889605
-32.1 1.0777131819768058
-32.0 1.1150401717394511
-31.9 1.1492419177114668
-31.8 1.177214524493844
-31.7 1.1961369018294057
-31.6 1.2038739966192484
-31.5 1.199306175670836
-31.4 1.18251895529833
-31.3 1.1548119940758848
-31.2 1.1185210791780749
-31.1 1.076684492377051
-31.0 1.0326173691918288
-30.9 0.9894770214768969
-30.8 0.949903816905594
-30.7 0.9158050639620681
-30.6 0.8883166623745187
-30.5 0.8679359965402882
-30.4 0.8547789266114506
-30.3 0.8488832942457653
-30.2 0.8504687064380951
-30.1 0.8600712965812367
-30.0 0.8785016154942595
-29.9 0.9066178220742501
-29.8 0.9449552150628829
-29.7 0.9932954748121282
-29.6 1.050284244000808
-29.5 1.113206725317617
-29.4 1.1780059013580615
-29.3 1.239580849201533
-29.2 1.292342858787948
-29.1 1.330947586193352
-29.0 1.3510758932604827
-28.9 1.3501155543021157
-28.8 1.3276067474309954
-28.7 1.285355506961555
-28.6 1.2271834292107018
-28.5 1.158355654647746
-28.4 1.0847964326106807
-28.3 1.0122470726598884
-28.2 0.9455337365352983
-28.1 0.8880882789699487
-28.0 0.8418084262007307
-27.9 0.8072658867851651
-27.8 0.7841897032355774
-27.7 0.7720860145952174
-27.6 0.7708204409875433
-27.5 0.7809950038134904
-27.4 0.8039982847369466
-27.3 0.8416862404644846
-27.2 0.8957446451748355
-27.1 0.966871107711235
-27.0 1.053974013045631
-26.9 1.153601900549209
-26.8 1.2597832825592847
-26.7 1.364378489206622
-26.6 1.4579372290839923
-26.5 1.530941254754993
-26.4 1.5752166031438166
-26.3 1.585247041200804
-26.2 1.5591238287730935
-26.1 1.4989288217822871
-26.0 1.4104571944731985
-25.9 1.302320304460351
-25.8 1.184599435420596
-25.7 1.0673179817813145
-25.6 0.9590401178526728
-25.5 0.8658770630881377
-25.4 0.7910916092037474
-25.3 0.7353561906817959
-25.2 0.6975690587746622
-25.1 0.6760013293491822
-25.0 0.6694660472504049
-24.9 0.6781897989097383
-24.8 0.704133029697601
-24.7 0.750634789448234
-24.6 0.8214234194297347
-24.5 0.9191993045378948
-24.4 1.0441203930855616
-24.3 1.1925743618146925
-24.2 1.3565867849149256
-24.1 1.5240956986327423
-24.0 1.6801424668009972
-23.9 1.808825076699453
-23.8 1.8956783578849385
-23.7 1.9300286344850814
-23.6 1.9068477128419203
-23.5 1.8277124239630185
-23.4 1.7006475158432421
-23.3 1.5388567798407855
-23.2 1.3585811442079188
-23.1 1.1765108829699498
-23.0 1.0072782224054821
-22.9 0.8615413242543625
-22.8 0.7450408872568213
-22.7 0.658792548046666
-22.6 0.6003190922689848
-22.5 0.5655844756430519
-22.4 0.5511231503525471
-22.3 0.5558045867374578
-22.2 0.5817505129878885
-22.1 0.6341178317928416
-22.0 0.7197321565332927
-21.9 0.8448447998508718
-21.8 1.0125230516911434
-21.7 1.2203119280080637
-21.6 1.4587901911078234
-21.5 1.7114809891153748
-21.4 1.956298365684447
-21.3 2.1683737407894164
-21.2 2.323785695143123
-21.1 2.4034858559619505
-21.0 2.3966297120960864
-20.9 2.3026090229096288
-20.8 2.131329312890562
-20.7 1.901632378117154
-20.6 1.6381537270257849
-20.5 1.3672421047077548
-20.4 1.1127754054279375
-20.3 0.892734031231355
-20.2 0.7172281481720661
-20.1 0.5883515675555083
-20.0 0.5018216459426831
-19.9 0.44995375781798935
-19.8 0.4252048960742229
-19.7 0.42337882989024495
-19.6 0.4456528513229735
-19.5 0.4988542080378906
-19.4 0.5938270087863241
-19.3 0.7421965349979246
-19.2 0.952250761127865
-19.1 1.2249201864318044
-19.0 1.5508798688881453
-18.9 1.9096027380843714
-18.8 2.270795706825669
-18.7 2.59813254291959
-18.6 2.8546732776352743
-18.5 3.0089482627184383
-18.4 3.0404837322498923
-18.3 2.943608426291206
-18.2 2.7287029758544343
-18.1 2.4205718484087315
-18.0 2.0542217822642934
-17.9 1.668887959332901
-17.8 1.3015334401738239
-17.7 0.9811678984285608
-17.6 0.725154964396802
-17.5 0.5382365830023508
-17.4 0.4143917097005342
-17.3 0.34100065180643235
-17.2 0.3042521934821851
-17.1 0.2944334180298757
-17.0 0.3097560327536568
-16.9 0.3577028027882174
-16.8 0.45345571115967737
-16.7 0.6156668830523296
-16.6 0.8604955691426759
-16.5 1.19530464665825
-16.4 1.6135725248387391
-16.3 2.0923823921666296
-16.2 2.5933319854201278
-16.1 3.066970530184545
-16.0 3.4600755567050436
-15.9 3.7244096285044472
-15.8 3.825202459432578
-15.7 3.7475860034269903
-15.6 3.4995850319333766
-15.5 3.110961148267778
-15.4 2.6280772702839554
-15.3 2.105802246220829
-15.2 1.5981201153715718
-15.1 1.1493964154222356
-15.0 0.7881128286223
-14.9 0.5243347400082657
-14.8 0.35133981975718764
-14.7 0.2508937791074411
-14.6 0.20082430340276436
-14.5 0.1830085219921612
-14.4 0.18978185977298387
-14.3 0.22713038116784515
-14.2 0.31377345484908786
-14.1 0.47621614121949424
-14.0 0.7408321769764027
-13.9 1.1248021367587697
-13.8 1.6280945586285263
-13.7 2.2285446401851856
-13.6 2.8814706708374724
-13.5 3.5242982452785787
-13.4 4.085546775328671
-13.3 4.496521122061689
-13.2 4.703375777164862
-13.1 4.677042337249196
-13.0 4.418886732455613
-12.9 3.9608209296721455
-12.8 3.3597541080237847
-12.7 2.687477762257463
-12.6 2.0180683307010683
-12.5 1.4154343016933724
-12.4 0.9236029175189528
-12.3 0.5617325538363154
-12.2 0.3247790454987377
-12.1 0.18947002797590412
-12.0 0.12403636712355474
-11.9 0.0992889319011856
-11.8 0.09831392326187476
-11.7 0.12237160047128488
-11.6 0.19146091410324012
-11.5 0.3392650994084988
-11.4 0.6035399527836854
-11.3 1.0141391607457653
-11.2 1.5815238446654918
-11.1 2.288614418639585
-11.0 3.088192878663791
-10.9 3.9068840379311602
-10.8 4.655289954516164
-10.7 5.242446142974052
-10.6 5.591730714390839
-10.5 5.654931644358149
-10.4 5.4214731924960295
-10.3 4.920769690154936
-10.2 4.217110687049072
-10.1 3.398073623033034
-10.0 2.5588557857003598
-9.9 1.7858016199323046
-9.8 1.1425698385917828
-9.7 0.6617907816304143
-9.6 0.3438328534169347
-9.5 0.1626980969237015
-9.4 0.07745819643741625
-9.3 0.04638767410976709
-9.2 0.0403395738443628
-9.1 0.05208720490076238
-9.0 0.09929264225465995
-8.9 0.2202544387004767
-8.8 0.4632996094680931
-8.7 0.87222891594091
-8.6 1.471242314630086
-8.5 2.25301949791928
-8.4 3.173036192481222
-8.3 4.151878197763485
-8.2 5.0855567758681275
-8.1 5.862020676939238
-8.0 6.380609896880703
-7.9 6.570438535250581
-7.8 6.403812555867289
-7.7 5.9017720644881155
-7.6 5.130491133402811
-7.5 4.189214083665689
-7.4 3.192225454702517
-7.3 2.2486347643192555
-7.2 1.4442149242384215
-7.1 0.8290555923242499
-7.0 0.41347981414710594
-6.9 0.17281308625629713
-6.8 0.0596033745108492
-6.7 0.02021700436641829
-6.6 0.01175946304971219
-6.5 0.015218265668855487
-6.4 0.04161598443811615
-6.3 0.12960025774021658
-6.2 0.33491700199998536
-6.1 0.7141553998131239
-6.0 1.306572951782869
-5.9 2.1183737777777796
-5.8 3.1133813459649327
-5.7 4.212700381535519
-5.6 5.303992929418151
-5.5 6.258836657425973
-5.4 6.9547739251634795
-5.3 7.297521592008292
-5.2 7.238660530076488
-5.1 6.785007838573341
-5.0 5.997609225617976
-4.9 4.980496470263997
-4.8 3.8615481160960896
-4.7 2.769482342780356
-4.6 1.8118199032923965
-4.5 1.058397781967564
-4.4 0.5337445506394102
-4.3 0.21962764388454975
-4.2 0.0667980874991818
-4.1 0.012902795524954845
-4.0 0.0021722961941609636
-3.9 0.002132224827080271
-3.8 0.013314493736485557
-3.7 0.06959740218114005
-3.6 0.22901102188357078
-3.5 0.5571049872865698
-3.4 1.106774700449851
-3.3 1.8993642580318522
-3.2 2.9116909805237228
-3.1 4.072394663337575
-3.0 5.268974129213354
-2.9 6.36448694051624
-2.8 7.220690018560937
-2.7 7.722886328591504
-2.6 7.801262475561791
-2.5 7.444171501723486
-2.4 6.700494712001343
-2.3 5.670539055365775
-2.2 4.487379533450864
-2.1 3.2925948814472448
-2.0 2.2115156049027167
-1.9 1.3331454718721996
-1.8 0.6988219553256781
-1.7 0.30169386363054523
-1.6 0.09666155105368297
-1.5 0.01809294077942132
-1.4 0.0009208813677754546
-1.3 2.7378346292986637e-05
-1.2 0.0032842159137367543
-1.1 0.03514096643141197
-1.0 0.14988482141628998
-0.9 0.4161349322741335
-0.8 0.8962224654398234
-0.7 1.6253694892365498
-0.6 2.5957238137731604
-0.5 3.7492935150896636
-0.4 4.981876041280823
-0.3 6.157626602454446
-0.2 7.131507975919281
-0.1 7.775049496771237
0.0 8.000027378346292
0.1 7.775049496771244
0.2 7.131507975919284
0.3 6.157626602454459
0.4 4.981876041280821
0.5 3.7492935150896614
0.6 2.5957238137731595
0.7 1.6253694892365498
0.8 0.8962224654398236
0.9 0.4161349322741338
1.0 0.14988482141628998
1.1 0.035140966431411944
1.2 0.0032842159137367413
1.3 2.737834629298658e-05
1.4 0.0009208813677754552
1.5 0.018092940779421352
1.6 0.09666155105368297
1.7 0.30169386363054534
1.8 0.6988219553256788
1.9 1.3331454718721985
2.0 2.2115156049027167
2.1 3.292594881447242
2.2 4.487379533450864
2.3 5.670539055365775
2.4 6.700494712001346
2.5 7.444171501723493
2.6 7.801262475561791
2.7 7.722886328591517
2.8 7.220690018560929
2.9 6.364486940516243
3.0 5.268974129213354
3.1 4.072394663337575
3.2 2.91169098052372
3.3 1.8993642580318522
3.4 1.1067747004498507
3.5 0.5571049872865689
3.6 0.22901102188357034
3.7 0.06959740218113994
3.8 0.013314493736485538
3.9 0.0021322248270802726
4.0 0.002172296194160964
4.1 0.012902795524954845
4.2 0.06679808749918194
4.3 0.21962764388454986
4.4 0.5337445506394106
4.5 1.0583977819675665
4.6 1.8118199032923956
4.7 2.7694823427803583
4.8 3.8615481160960896
4.9 4.980496470264001
5.0 5.997609225617976
5.1 6.785007838573343
5.2 7.238660530076492
5.3 7.297521592008298
5.4 6.954773925163482
5.5 6.258836657425984
5.6 5.30399292941815
5.7 4.21270038153552
5.8 3.113381345964928
5.9 2.1183737777777805
6.0 1.306572951782869
6.1 0.7141553998131253
6.2 0.3349170019999852
6.3 0.12960025774021644
6.4 0.04161598443811608
6.5 0.015218265668855473
6.6 0.011759463049712206
6.7 0.020217004366418313
6.8 0.059603374510849155
6.9 0.17281308625629743
7.0 0.41347981414710605
7.1 0.8290555923242507
7.2 1.4442149242384215
7.3 2.248634764319256
7.4 3.1922254547025193
7.5 4.189214083665694
7.6 5.130491133402809
7.7 5.901772064488123
7.8 6.403812555867292
7.9 6.57043853525058
8.0 6.380609896880703
8.1 5.862020676939238
8.2 5.0855567758681275
8.3 4.151878197763491
8.4 3.1730361924812223
8.5 2.253019497919279
8.6 1.471242314630084
8.7 0.8722289159409103
8.8 0.4632996094680929
8.9 0.22025443870047626
9.0 0.0992926422546599
9.1 0.05208720490076238
9.2 0.04033957384436285
9.3 0.046387674109767206
9.4 0.0774581964374163
9.5 0.1626980969237018
9.6 0.3438328534169349
9.7 0.6617907816304146
9.8 1.1425698385917833
9.9 1.7858016199323072
10.0 2.5588557857003593
10.1 3.398073623033034
10.2 4.217110687049071
10.3 4.920769690154944
10.4 5.4214731924960295
10.5 5.654931644358151
10.6 5.591730714390842
10.7 5.24244614297406
10.8 4.655289954516165
10.9 3.9068840379311616
11.0 3.0881928786637904
11.1 2.288614418639582
11.2 1.5815238446654933
11.3 1.0141391607457644
11.4 0.6035399527836854
11.5 0.3392650994084983
11.6 0.19146091410323987
11.7 0.12237160047128477
11.8 0.09831392326187481
11.9 0.09928893190118589
12.0 0.12403636712355492
12.1 0.18947002797590398
12.2 0.32477904549873793
12.3 0.5617325538363156
12.4 0.9236029175189526
12.5 1.415434301693371
12.6 2.0180683307010665
12.7 2.6874777622574686
12.8 3.359754108023782
12.9 3.9608209296721486
13.0 4.418886732455613
13.1 4.677042337249194
13.2 4.703375777164858
13.3 4.496521122061696
13.4 4.0855467753286705
13.5 3.52429824527858
13.6 2.881470670837471
13.7 2.228544640185185
13.8 1.6280945586285256
13.9 1.1248021367587684
14.0 0.7408321769764024
14.1 0.4762161412194937
14.2 0.31377345484908725
14.3 0.2271303811678448
14.4 0.1897818597729842
14.5 0.18300852199216172
14.6 0.20082430340276516
14.7 0.2508937791074415
14.8 0.351339819757188
14.9 0.5243347400082661
15.0 0.7881128286223003
15.1 1.1493964154222363
15.2 1.5981201153715705
15.3 2.1058022462208283
15.4 2.6280772702839568
15.5 3.1109611482677795
15.6 3.499585031933374
15.7 3.7475860034269974
15.8 3.8252024594325804
15.9 3.7244096285044415
16.0 3.4600755567050454
16.1 3.0669705301845487
16.2 2.5933319854201304
16.3 2.0923823921666265
16.4 1.613572524838741
16.5 1.1953046466582506
16.6 0.860495569142675
16.7 0.6156668830523281
16.8 0.45345571115967526
16.9 0.35770280278821687
17.0 0.309756032753657
17.1 0.29443341802987677
17.2 0.3042521934821867
17.3 0.3410006518064333
17.4 0.41439170970053496
17.5 0.5382365830023512
17.6 0.7251549643968026
17.7 0.9811678984285587
17.8 1.3015334401738237
17.9 1.6688879593328965
18.0 2.0542217822642908
18.1 2.4205718484087253
18.2 2.7287029758544303
18.3 2.94360842629121
18.4 3.040483732249898
18.5 3.008948262718443
18.6 2.854673277635278
18.7 2.598132542919594
18.8 2.2707957068256666
18.9 1.90960273808437
19.0 1.5508798688881462
19.1 1.2249201864318024
19.2 0.9522507611278639
19.3 0.7421965349979227
19.4 0.5938270087863219
19.5 0.49885420803788877
19.6 0.4456528513229733
19.7 0.4233788298902467
19.8 0.4252048960742249
19.9 0.44995375781799163
20.0 0.5018216459426844
20.1 0.5883515675555094
20.2 0.7172281481720666
20.3 0.8927340312313561
20.4 1.1127754054279384
20.5 1.367242104707753
20.6 1.63815372702578
20.7 1.901632378117145
20.8 2.1313293128905584
20.9 2.3026090229096288
21.0 2.39662971209609
21.1 2.403485855961951
21.2 2.3237856951431293
21.3 2.16837374078942
21.4 1.956298365684448
21.5 1.7114809891153726
21.6 1.4587901911078225
21.7 1.2203119280080632
21.8 1.012523051691143
21.9 0.8448447998508708
22.0 0.7197321565332888
22.1 0.6341178317928394
22.2 0.5817505129878875
22.3 0.5558045867374596
22.4 0.5511231503525507
22.5 0.5655844756430551
22.6 0.6003190922689864
22.7 0.6587925480466674
22.8 0.7450408872568208
22.9 0.861541324254364
23.0 1.0072782224054821
23.1 1.176510882969948
23.2 1.3585811442079136
23.3 1.538856779840779
23.4 1.700647515843237
23.5 1.8277124239630145
23.6 1.906847712841924
23.7 1.9300286344850839
23.8 1.8956783578849437
23.9 1.8088250766994536
24.0 1.6801424668009997
24.1 1.5240956986327394
24.2 1.356586784914926
24.3 1.1925743618146933
24.4 1.0441203930855614
24.5 0.9191993045378934
24.6 0.8214234194297311
24.7 0.750634789448232
24.8 0.7041330296975986
24.9 0.6781897989097386
25.0 0.6694660472504078
25.1 0.6760013293491867
25.2 0.6975690587746639
25.3 0.7353561906817956
25.4 0.7910916092037477
25.5 0.8658770630881373
25.6 0.9590401178526725
25.7 1.0673179817813123
25.8 1.1845994354205922
25.9 1.302320304460348
26.0 1.410457194473192
26.1 1.498928821782287
26.2 1.5591238287730937
26.3 1.5852470412008066
26.4 1.5752166031438226
26.5 1.5309412547549988
26.6 1.4579372290839965
26.7 1.3643784892066224
26.8 1.2597832825592847
26.9 1.1536019005492095
27.0 1.0539740130456314
27.1 0.9668711077112342
27.2 0.8957446451748319
27.3 0.8416862404644812
27.4 0.8039982847369431
27.5 0.7809950038134906
27.6 0.7708204409875452
27.7 0.772086014595222
27.8 0.7841897032355801
27.9 0.8072658867851664
28.0 0.8418084262007305
28.1 0.8880882789699487
28.2 0.945533736535297
28.3 1.0122470726598882
28.4 1.0847964326106776
28.5 1.158355654647743
28.6 1.2271834292106973
28.7 1.2853555069615532
28.8 1.327606747430994
28.9 1.3501155543021188
29.0 1.3510758932604878
29.1 1.330947586193357
29.2 1.2923428587879517
29.3 1.239580849201535
29.4 1.1780059013580604
29.5 1.1132067253176168
29.6 1.0502842440008076
29.7 0.9932954748121293
29.8 0.9449552150628815
29.9 0.9066178220742489
30.0 0.8785016154942575
30.1 0.8600712965812362
30.2 0.8504687064380951
30.3 0.8488832942457682
30.4 0.8547789266114522
30.5 0.867935996540287
30.6 0.8883166623745187
30.7 0.9158050639620666
30.8 0.9499038169055934
30.9 0.9894770214768963
31.0 1.0326173691918281
31.1 1.0766844923770482
31.2 1.1185210791780726
31.3 1.154811994075882
31.4 1.18251895529833
31.5 1.199306175670837
31.6 1.2038739966192513
31.7 1.1961369018294088
31.8 1.1772145244938454
31.9 1.1492419177114679
32.0 1.1150401717394502
32.1 1.0777131819768047
32.2 1.0402462898896048
32.3 1.0051763636592133
32.4 0.9743829135848565
32.5 0.9490211529506245
32.6 0.9295871999050702
32.7 0.9160795855006119
32.8 0.9082051705363788
32.9 0.9055742588156869
33.0 0.907838940493767
33.1 0.9147475684699528
33.2 0.9261118807619354
33.3 0.9417059946097911
33.4 0.9611332093974116
33.5 0.9837037941170881
33.6 1.00836354127325
33.7 1.0337001255840348
33.8 1.0580355227427634
33.9 1.0795924183462016
34.0 1.096705297964712
34.1 1.1080364858216654
34.2 1.1127558463536082
34.3 1.1106501930136472
34.4 1.102142734438475
34.5 1.0882207825788146
34.6 1.0702874883090658
34.7 1.0499668745864879
34.8 1.0288982866597671
34.9 1.0085555270330488
35.0 0.9901180533793955
35.1 0.9744088198893905
35.2 0.9618986831781037
35.3 0.952764019781176
35.4 0.9469750430543425
35.5 0.9443889136420415
35.6 0.9448243896486997
35.7 0.9481023957011778
35.8 0.9540474143494636
35.9 0.9624554283397877
36.0 0.9730427803234487
36.1 0.9853949260923918
36.2 0.9989338123167886
36.3 1.0129178221881388
36.4 1.026480217541162
36.5 1.038702733484411
36.6 1.0487126024422124
36.7 1.055785645897234
36.8 1.05943632612479
36.9 1.0594780379834245
37.0 1.0560427688315281
37.1 1.0495571714949983
37.2 1.0406803142375485
37.3 1.030215155553541
37.4 1.0190098068796718
37.5 1.007865227846912
37.6 0.997463252681061
37.7 0.988323579516188
37.8 0.9807918552006271
37.9 0.9750547172789821
38.0 0.9711729176830752
38.1 0.9691213271582522
38.2 0.9688249944917147
38.3 0.9701831878391556
38.4 0.9730776561223758
38.5 0.9773661120874912
38.6 0.9828660296989844
38.7 0.9893363708881864
38.8 0.9964653268558896
38.9 1.003870587288325
39.0 1.0111155074773348
39.1 1.0177406266162887
39.2 1.0233062296290085
39.3 1.0274388864297181
39.4 1.0298737283275077
39.5 1.030484835294338
39.6 1.0292983126819253
39.7 1.0264858990484738
39.8 1.0223405352459147
39.9 1.01723847642115
40.0 1.0115946175163664
40.1 1.005818366702288
40.2 1.0002766016473985
40.3 0.9952682534514218
40.4 0.9910123868139946
40.5 0.9876488940423683
40.6 0.985248674265618
40.7 0.9838288525417329
40.8 0.983368396198501
40.9 0.9838203388651178
41.0 0.9851184331683311
41.1 0.9871779847589902
41.2 0.9898924004535677
41.3 0.9931282096948558
41.4 0.996721743874611
41.5 1.0004802338937244
41.6 1.0041889605071026
41.7 1.0076245628026543
41.8 1.0105730503477386
41.9 1.0128498338731575
42.0 1.014318455716746
42.1 1.0149047869095549
42.2 1.0146042211864563
42.3 1.0134806506439171
42.4 1.0116574706619137
42.5 1.0093022215243677
42.6 1.006607459330824
42.7 1.003770883349213
42.8 1.0009775818878162
42.9 0.9983865736778718
43.0 0.9961227987615672
43.1 0.9942745901668721
43.2 0.992895674354795
43.3 0.9920100933286397
43.4 0.9916182162584395
43.5 0.9917022134707525
43.6 0.9922299070891536
43.7 0.9931566313984694
43.8 0.9944254478205123
43.9 0.9959665973953882
44.0 0.9976973241835149
44.1 0.9995231268269696
44.2 1.0013411311989857
44.3 1.003045726856899
44.4 1.004536012608289
44.5 1.0057240937391465
44.6 1.0065429785328641
44.7 1.0069527958684752
44.8 1.006944297863023
44.9 1.0065390623426007
45.0 1.0057863681610966
45.1 1.0047572634163653
45.2 1.0035367730128057
45.3 1.0022154203215679
45.4 1.0008812366780573
45.5 0.9996132204784035
45.6 0.9984768450274502
45.7 0.9975217873501793
45.8 0.9967816507957127
45.9 0.9962751599320604
46.0 0.9960081647516459
46.1 0.9959758130334743
46.2 0.9961644089910413
46.3 0.9965527197813772
46.4 0.997112752424671
46.5 0.9978102380826569
46.6 0.9986051809264721
46.7 0.9994528332694549
46.8 1.000305354171224
46.9 1.001114227172167
47.0 1.001833301969506
47.1 1.002422136573479
47.2 1.0028491948636349
47.3 1.0030944264482664
47.4 1.0031508262188147
47.5 1.0030247231106728
47.6 1.0027347476821598
47.7 1.0023096340894917
47.8 1.0017851828505906
47.9 1.0012008151876048
48.0 1.0005961721280736
48.1 1.0000081541492527
48.2 0.9994686781620677
48.3 0.9990032771105777
48.4 0.998630516323483
48.5 0.9983620795049251
48.6 0.9982033060786217
48.7 0.9981539479562
48.8 0.9982089520388411
48.9 0.9983591486252538
49.0 0.9985918131047457
49.1 0.9988911460404831
49.2 0.9992387667652687
49.3 0.9996143279540455
49.4 0.9999963331361887
49.5 1.0003631846278498
49.6 1.0006944210772957
49.7 1.0009720393094834
49.8 1.001181750275878
49.9 1.0013140043137432
50.0 1.0013646399957865
50.1 1.0013350594387185
50.2 1.0012319006676689
50.3 1.0010662505475818
50.4 1.0008525055627004
50.5 1.000607030704088
50.6 1.000346782206513
50.7 1.000088047126676
50.8 0.9998454166969404
50.9 0.9996310601080562
51.0 0.9994543118728101
51.1 0.999321539657994
51.2 0.9992362282344092
51.3 0.9991992027428529
51.4 0.999208920163345
51.5 0.9992617772643019
51.6 0.9993524095330009
51.7 0.9994739811254427
51.8 0.999618484287136
51.9 0.9997770739774775
52.0 0.9999404586775645
52.1 1.0000993537064418
52.2 1.000244983233928
52.3 1.0003695970721762
52.4 1.0004669535131852
52.5 1.0005327137774551
52.6 1.0005646986569452
52.7 1.0005629728332457
52.8 1.0005297441675325
52.9 1.00046908967092
53.0 1.000386542196878
53.1 1.000288588128298
53.2 1.0001821338837913
53.3 1.0000739972355734
53.4 0.9999704693773231
53.5 0.9998769780394672
53.6 0.9997978641576638
53.7 0.9997362681177505
53.8 0.999694109201012
53.9 0.9996721351286632
54.0 0.9996700177662899
54.1 0.9996864750487113
54.2 0.9997194060889302
54.3 0.9997660339504598
54.4 0.9998230565946021
54.5 0.9998868096148524
54.6 0.9999534440018202
54.7 1.0000191187498912
54.8 1.0000802027898503
54.9 1.000133475101313
55.0 1.0001763075349945
55.1 1.0002068131079567
55.2 1.0002239439480074
55.3 1.0002275275438866
55.4 1.0002182367199526
55.5 1.0001974965442415
55.6 1.0001673387689083
55.7 1.0001302200986264
55.8 1.0000888236849703
55.9 1.0000458634013178
56.0 1.000003907888117
56.1 0.9999652367804285
56.2 0.9999317359431004
56.3 0.9999048330159798
56.4 0.99988547003001
56.5 0.9998741068927829
56.6 0.9998707483543242
56.7 0.9998749874558962
56.8 0.9998860599447795
56.9 0.9999029060644603
57.0 0.9999242378731644
57.1 0.999948611328372
57.2 0.9999745025706392
57.3 1.0000003871877132
57.4 1.000024820014422
57.5 1.0000465116453197
57.6 1.0000643967579095
57.7 1.0000776889371763
57.8 1.0000859171659753
57.9 1.0000889405034128
58.0 1.0000869395199392
58.1 1.0000803854511768
58.2 1.0000699903627757
58.3 1.0000566434973208
58.4 1.0000413401121155
58.5 1.000025109374889
58.6 1.000008947291813
58.7 0.9999937593744115
58.8 0.9999803160852944
58.9 0.9999692223489293
59.0 0.9999609008577226
59.1 0.9999555877492067
59.2 0.9999533385729342
59.3 0.999954042287903
59.4 0.9999574412237248
59.5 0.9999631553372889
59.6 0.9999707095274905
59.7 0.9999795630907703
59.8 0.999989140527318
59.9 0.9999988628305552
60.0 1.0000081781664918
60.1 1.000016590574301
60.2 1.0000236851111008
60.3 1.0000291478227905
60.4 1.000032779110452
60.5 1.00003449948596
60.6 1.0000343473250088
60.7 1.0000324689421805
60.8 1.0000291020198682
60.9 1.0000245540114283
61.0 1.0000191775226466
61.1 1.0000133448072843
61.2 1.0000074233907363
61.3 1.0000017545009634
61.4 0.9999966355097568
61.5 0.9999923070556489
61.6 0.9999889450155444
61.7 0.9999866570798642
61.8 0.9999854834030657
61.9 0.9999854006542954
62.0 0.9999863287621023
62.1 0.9999881396948569
62.2 0.9999906677009593
62.3 0.999993720510818
62.4 0.9999970910497363
62.5 1.0000005692185938
62.6 1.0000039532756535
62.7 1.0000070603190188
62.8 1.0000097353515005
62.9 1.0000118584322575
63.0 1.000013349498343
63.1 1.0000141705767809
63.2 1.0000143252933944
63.3 1.0000138557960694
63.4 1.000012837419085
63.5 1.0000113715921595
63.6 1.0000095776192715
63.7 1.0000075840037048
63.8 1.0000055199743954
63.9 1.0000035077835128
64.0 1.0000016562137235
64.1 1.0000000555784092
64.2 0.9999987743420885
64.3 0.9999978573506254
64.4 0.9999973255542943
64.5 0.9999971770363847
64.6 0.9999973891236619
64.7 0.9999979213453409
64.8 0.9999987190141381
64.9 0.999999717216665
65.0 1.0000008450135318
65.1 1.000002029658206
65.2 1.0000032006485104
65.3 1.0000042934289597
65.4 1.0000052525711853
65.5 1.000006034278665
65.6 1.0000066080939578
65.7 1.0000069577323756
65.8 1.0000070810226465
65.9 1.0000069889973275
66.0 1.0000067042363854
66.1 1.000006258619125
66.2 1.00000569067626
66.3 1.0000050427513998
66.4 1.0000043581784996
66.5 1.0000036786606699
66.6 1.0000030420003512
66.7 1.0000024802868523
66.8 1.0000020186009246
66.9 1.0000016742523514
67.0 1.000001456529992
67.1 1.0000013669160694
67.2 1.0000013996983301
67.3 1.0000015429038156
67.4 1.0000017794743719
67.5 1.0000020886045402
67.6 1.0000024471649875
67.7 1.000002831138256
67.8 1.0000032169976416
67.9 1.0000035829650655
68.0 1.0000039100904474
68.1 1.0000041831043291
68.2 1.0000043910076715
68.3 1.0000045273780038
68.4 1.0000045903884043
68.5 1.000004582554194
68.6 1.0000045102396098
68.7 1.0000043829715757
68.8 1.000004212618409
68.9 1.0000040124967229
69.0 1.0000037964698174
69.1 1.000003578095599
69.2 1.0000033698727642
69.3 1.0000031826217928
69.4 1.000003025023907
69.5 1.000002903327999
69.6 1.0000028212237169
69.7 1.0000027798693132
69.8 1.0000027780556502
69.9 1.0000028124830669
70.0 1.0000028781251267
70.1 1.0000029686523195
70.2 1.0000030768889512
70.3 1.0000031952774984
70.4 1.0000033163264637
70.5 1.0000034330199896
70.6 1.0000035391704751
70.7 1.0000036296990336
70.8 1.0000037008329874
70.9 1.0000037502144812
71.0 1.0000037769196946
71.1 1.0000037813934048
71.2 1.0000037653087577
71.3 1.0000037313661962
71.4 1.0000036830486252
71.5 1.0000036243514705
71.6 1.0000035595064753
71.7 1.0000034927167742
71.8 1.0000034279183767
71.9 1.0000033685798648
72.0 1.0000033175483822
72.1 1.0000032769461336
72.2 1.000003248118062
72.3 1.0000032316282264
72.4 1.0000032272999848
72.5 1.0000032342932228
72.6 1.0000032512107657
72.7 1.0000032762254587
72.8 1.0000033072193164
72.9 1.0000033419263425
73.0 1.0000033780712285
73.1 1.000003413496923
73.2 1.0000034462751333
73.3 1.0000034747950675
73.4 1.0000034978271426
73.5 1.0000035145599675
73.6 1.000003524610452
73.7 1.0000035280085047
73.8 1.0000035251591748
73.9 1.000003516786268
74.0 1.000003503862339
74.1 1.0000034875304078
74.2 1.0000034690228423
74.3 1.0000034495825327
74.4 1.0000034303908667
74.5 1.000003412506102
74.6 1.0000033968147555
74.7 1.0000033839975262
74.8 1.0000033745102115
74.9 1.0000033685791976
75.0 1.0000033662102399
75.1 1.0000033672087367
75.2 1.0000033712092038
75.3 1.0000033777114432
75.4 1.0000033861208064
75.5 1.0000033957900119
75.6 1.0000034060600873
75.7 1.000003416298325
75.8 1.0000034259314245
75.9 1.0000034344724058
76.0 1.0000034415403427
76.1 1.0000034468723682
76.2 1.00000345032793
76.3 1.000003451885692
76.4 1.0000034516338963
76.5 1.0000034497552492
76.6 1.0000034465077787
76.7 1.0000034422030586
76.8 1.0000034371834028
76.9 1.0000034317994064
77.0 1.0000034263891762
77.1 1.0000034212602633
77.2 1.000003416675104
77.3 1.000003412840469
77.4 1.0000034099011001
77.5 1.0000034079374986
77.6 1.000003406967551
77.7 1.0000034069515134
77.8 1.000003407799756
77.9 1.0000034093825392
78.0 1.0000034115411052
78.1 1.0000034140993277
78.2 1.000003416875245
78.3 1.0000034196918377
78.4 1.0000034223865284
78.5 1.0000034248189997
78.6 1.0000034268770275
78.7 1.0000034284801977
78.8 1.000003429581472
78.9 1.0000034301667153
79.0 1.0000034302523755
79.1 1.0000034298816471
79.2 1.0000034291194537
79.3 1.000003428046658
79.4 1.0000034267539173
79.5 1.00000342533557
79.6 1.0000034238838993
79.7 1.000003422484093
79.8 1.0000034212100863
79.9 1.0000034201214734
80.0 1.000003419261543
80.1 1.000003418656427
80.2 1.0000034183153161
80.3 1.0000034182316009
80.4 1.0000034183848012
80.5 1.0000034187430809
80.6 1.0000034192661522
80.7 1.0000034199083734
80.8 1.0000034206218433
80.9 1.00000342135933
81.0 1.0000034220768597
81.1 1.0000034227358996
81.2 1.0000034233049964
81.3 1.0000034237608728
81.4 1.0000034240889486
81.5 1.000003424283314
81.6 1.0000034243462277
81.7 1.0000034242871652
81.8 1.0000034241215896
81.9 1.0000034238694584
82.0 1.0000034235536561
82.1 1.0000034231983945
82.2 1.000003422827698
82.3 1.0000034224640597
82.4 1.0000034221273189
82.5 1.0000034218337943
82.6 1.0000034215957196
82.7 1.000003421420962
82.8 1.0000034213130082
82.9 1.0000034212712205
83.0 1.0000034212912834
83.1 1.0000034213658207
83.2 1.000003421485123
83.3 1.0000034216379263
83.4 1.0000034218122127
83.5 1.0000034219959621
83.6 1.0000034221778336
83.7 1.0000034223477412
83.8 1.0000034224972922
83.9 1.0000034226201022
84.0 1.000003422711945
84.1 1.0000034227707855
84.2 1.0000034227966614
84.3 1.000003422791478
84.4 1.000003422758706
84.5 1.0000034227030323
84.6 1.0000034226299521
84.7 1.0000034225453949
84.8 1.000003422455326
84.9 1.0000034223654073
85.0 1.0000034222807133
85.1 1.000003422205493
85.2 1.000003422143021
85.3 1.00000342209551
85.4 1.000003422064098
85.5 1.0000034220488896
85.6 1.000003422049063
85.7 1.0000034220630096
85.8 1.0000034220885083
85.9 1.0000034221229126
86.0 1.0000034221633514
86.1 1.000003422206905
86.2 1.000003422250784
86.3 1.000003422292473
86.4 1.000003422329841
86.5 1.0000034223612222
86.6 1.0000034223854706
86.7 1.00000342240196
86.8 1.0000034224105736
86.9 1.0000034224116496
87.0 1.0000034224059229
87.1 1.0000034223944336
87.2 1.0000034223784438
87.3 1.0000034223593344
87.4 1.0000034223385166
87.5 1.0000034223173544
87.6 1.0000034222970813
87.7 1.000003422278749
87.8 1.0000034222631933
87.9 1.000003422250997
88.0 1.0000034222424954
88.1 1.0000034222377745
88.2 1.0000034222366956
88.3 1.000003422238934
88.4 1.0000034222440068
88.5 1.0000034222513225
88.6 1.0000034222602259
88.7 1.0000034222700431
88.8 1.000003422280119
88.9 1.000003422289855
89.0 1.0000034222987362
89.1 1.0000034223063505
89.2 1.000003422312403
89.3 1.0000034223167191
89.4 1.0000034223192427
89.5 1.000003422320022
89.6 1.0000034223192034
89.7 1.0000034223170087
89.8 1.0000034223137095
89.9 1.0000034223096113
90.0 1.0000034223050371
90.1 1.0000034223002972
90.2 1.000003422295679
90.3 1.0000034222914282
90.4 1.0000034222877492
90.5 1.0000034222847862
90.6 1.0000034222826304
90.7 1.0000034222813154
90.8 1.0000034222808225
90.9 1.0000034222810905
91.0 1.0000034222820176
91.1 1.000003422283483
91.2 1.0000034222853407
91.3 1.0000034222874437
91.4 1.0000034222896461
91.5 1.0000034222918104
91.6 1.0000034222938192
91.7 1.0000034222955738
91.8 1.0000034222970053
91.9 1.0000034222980658
92.0 1.0000034222987382
92.1 1.0000034222990273
92.2 1.0000034222989576
92.3 1.0000034222985745
92.4 1.000003422297935
92.5 1.0000034222971026
92.6 1.0000034222961476
92.7 1.000003422295137
92.8 1.0000034222941352
92.9 1.0000034222931977
93.0 1.000003422292371
93.1 1.0000034222916891
93.2 1.0000034222911744
93.3 1.0000034222908367
93.4 1.000003422290679
93.5 1.0000034222906837
93.6 1.000003422290838
93.7 1.0000034222911134
93.8 1.00000342229148
93.9 1.0000034222919076
94.0 1.0000034222923646
94.1 1.0000034222928236
94.2 1.0000034222932557
94.3 1.0000034222936407
94.4 1.000003422293961
94.5 1.0000034222942071
94.6 1.0000034222943723
94.7 1.0000034222944572
94.8 1.0000034222944667
94.9 1.0000034222944079
95.0 1.0000034222942915
95.1 1.0000034222941316
95.2 1.000003422293943
95.3 1.0000034222937377
95.4 1.0000034222935315
95.5 1.0000034222933334
95.6 1.0000034222931562
95.7 1.0000034222930088
95.8 1.0000034222928926
95.9 1.0000034222928118
96.0 1.0000034222927683
96.1 1.000003422292759
96.2 1.0000034222927803
96.3 1.000003422292829
96.4 1.000003422292897
96.5 1.0000034222929803
96.6 1.0000034222930707
96.7 1.0000034222931633
96.8 1.0000034222932515
96.9 1.0000034222933318
97.0 1.0000034222934002
97.1 1.0000034222934542
97.2 1.0000034222934913
97.3 1.000003422293514
97.4 1.00000342229352
97.5 1.0000034222935128
97.6 1.0000034222934933
97.7 1.0000034222934644
97.8 1.0000034222934282
97.9 1.0000034222933891
98.0 1.0000034222933478
98.1 1.0000034222933094
98.2 1.000003422293273
98.3 1.0000034222932421
98.4 1.0000034222932175
98.5 1.0000034222932002
98.6 1.0000034222931888
98.7 1.0000034222931862
98.8 1.000003422293188
98.9 1.0000034222931944
99.0 1.0000034222932066
99.1 1.000003422293222
99.2 1.0000034222932384
99.3 1.0000034222932561
99.4 1.000003422293273
99.5 1.0000034222932899
99.6 1.0000034222933036
99.7 1.0000034222933147
99.8 1.0000034222933236
99.9 1.0000034222933285
