-80.0 0.9975942735061963
-79.9 0.9978093272315934
-79.8 0.9979388405158627
-79.7 0.9979985958882304
-79.6 0.9980169609772991
-79.5 0.998017633984872
-79.4 0.9980136532730803
-79.3 0.9980133909282298
-79.2 0.9980291851162889
-79.1 0.9980783395713132
-79.0 0.9981742725025133
-78.9 0.9983151252345771
-78.8 0.9984800133917793
-78.7 0.9986372475073392
-78.6 0.9987594833691511
-78.5 0.9988356246586811
-78.4 0.9988722182293318
-78.3 0.9988851955126009
-78.2 0.9988893957274474
-78.1 0.9988934482306224
-78.0 0.9989019387550371
-77.9 0.9989205023606017
-77.8 0.9989576967488561
-77.7 0.999021182963344
-77.6 0.9991113002863267
-77.5 0.9992177549001426
-77.4 0.9993228146368409
-77.3 0.9994092878701465
-77.2 0.9994679504591669
-77.1 0.9994997504852492
-77.0 0.9995122324436416
-76.9 0.9995137015937211
-76.8 0.9995095682257206
-76.7 0.9995027400999449
-76.6 0.999496322628087
-76.5 0.999495245610539
-76.4 0.9995048617670999
-76.3 0.999527556068431
-76.2 0.9995603280647577
-76.1 0.9995956264692292
-76.0 0.9996251404344352
-75.9 0.999643981979528
-75.8 0.9996525168252649
-75.7 0.9996549997270637
-75.6 0.9996564957123387
-75.5 0.9996604953746039
-75.4 0.9996686188432871
-75.3 0.9996818879219658
-75.2 0.999701859568397
-75.1 0.9997303188174722
-75.0 0.9997677111155242
-74.9 0.9998117159214178
-74.8 0.9998573247985357
-74.7 0.9998986005216003
-74.6 0.9999309935848092
-74.5 0.9999527232904895
-74.4 0.9999645112422852
-74.3 0.9999681806656902
-74.2 0.9999653223139356
-74.1 0.9999569178780651
-74.0 0.9999438762338967
-73.9 0.9999276948839333
-73.8 0.9999104764517869
-73.7 0.9998942011090356
-73.6 0.9998798568963254
-73.5 0.9998671755487102
-73.4 0.999855231629079
-73.3 0.9998434790638396
-73.2 0.9998324820503154
-73.1 0.999823867972626
-73.0 0.9998196270823441
-72.9 0.9998213171827994
-72.8 0.9998296914327958
-72.7 0.9998448475694802
-72.6 0.9998665760158771
-72.5 0.9998944948111885
-72.4 0.9999278291781569
-72.3 0.9999650587354789
-72.2 1.0000038029018845
-72.1 1.0000411393200634
-72.0 1.0000742168109262
-71.9 1.0001008112901728
-71.8 1.0001195380787928
-71.7 1.0001297017510575
-71.6 1.00013100959853
-71.5 1.000123414142345
-71.4 1.0001071821239358
-71.3 1.0000830718263622
-71.2 1.0000524142342477
-71.1 1.0000169887824029
-71.0 0.999978762255473
-70.9 0.9999396655523497
-70.8 0.9999015373707514
-70.7 0.9998662165367085
-70.6 0.9998356426431971
-70.5 0.9998118228106889
-70.4 0.9997966317607786
-70.3 0.9997915379835908
-70.2 0.9997973932585701
-70.1 0.9998143628091372
-70.0 0.9998419691216229
-69.9 0.9998791605415808
-69.8 0.9999243380216336
-69.7 0.9999753494063196
-69.6 1.0000295205055274
-69.5 1.000083786823379
-69.4 1.000134927770217
-69.3 1.0001798398014858
-69.2 1.0002157672300616
-69.1 1.0002404481603224
-69.0 1.0002521922284189
-68.9 1.0002499392040234
-68.8 1.0002333324099855
-68.7 1.0002027974115342
-68.6 1.0001595835103703
-68.5 1.0001057291519864
-68.4 1.000043946435215
-68.3 0.9999774551713279
-68.2 0.9999098066002365
-68.1 0.9998447175273197
-68.0 0.9997859071815867
-67.9 0.9997369162307937
-67.8 0.9997008995271885
-67.7 0.9996804096368537
-67.6 0.999677205798144
-67.5 0.9996921195731918
-67.4 0.9997249884416274
-67.3 0.999774648274398
-67.2 0.9998389692062821
-67.1 0.9999149282007324
-67.0 0.9999987246526314
-66.9 1.0000859497291266
-66.8 1.0001718112997733
-66.7 1.0002514008095922
-66.6 1.0003199774985736
-66.5 1.0003732455219567
-66.4 1.0004076081774251
-66.3 1.0004203920821484
-66.2 1.0004100358364099
-66.1 1.0003762324771863
-66.0 1.0003200090644289
-65.9 1.0002437268717705
-65.8 1.0001509938459971
-65.7 1.0000464932848132
-65.6 0.9999357427275976
-65.5 0.9998248010845422
-65.4 0.9997199411039528
-65.3 0.9996273025241799
-65.2 0.9995525419971145
-65.1 0.999500498971864
-65.0 0.999474899126055
-64.9 0.999478115520314
-64.8 0.9995110019495793
-64.7 0.9995728054609131
-64.6 0.9996611591264958
-64.5 0.9997721536870745
-64.4 0.999900486679455
-64.3 1.0000396875391064
-64.2 1.0001824148063643
-64.1 1.0003208167669526
-64.0 1.0004469411421317
-63.9 1.0005531746099545
-63.8 1.0006326897370867
-63.7 1.0006798748474703
-63.6 1.000690720671078
-63.5 1.0006631363532712
-63.4 1.0005971677568233
-63.3 1.0004950945484403
-63.2 1.0003613901390727
-63.1 1.0002025394610898
-63.0 1.000026721895377
-62.9 0.9998433781903034
-62.8 0.9996626893416253
-62.7 0.9994950014567705
-62.6 0.999350233566804
-62.5 0.9992373052791906
-62.4 0.9991636181565198
-62.3 0.9991346190262383
-62.2 0.9991534658790945
-62.1 0.9992208089922965
-62.0 0.9993346929890182
-61.9 0.9994905808148551
-61.8 0.9996814982054706
-61.7 0.9998982962846364
-61.6 1.0001300290551158
-61.5 1.0003644403512326
-61.4 1.000588550424509
-61.3 1.0007893255063292
-61.2 1.0009544048395493
-61.1 1.001072849757067
-61.0 1.0011358698834798
-60.9 1.0011374743416706
-60.8 1.0010749930137788
-60.7 1.000949416175939
-60.6 1.0007655110614153
-60.5 1.0005316906707096
-60.4 1.0002596316213859
-60.3 0.999963661125009
-60.2 0.9996599549247286
-60.1 0.999365605056732
-60.0 0.99909762623783
-59.9 0.9988719713645895
-59.8 0.998702620281236
-59.7 0.9986007932647931
-59.6 0.9985743243305435
-59.5 0.9986272128089719
-59.4 0.9987593578813309
-59.3 0.9989664721809642
-59.2 0.9992401679698063
-59.1 0.999568211841879
-59.0 0.9999349489091827
-58.9 1.0003219015862013
-58.8 1.00070854794696
-58.7 1.0010732775843378
-58.6 1.0013945079810431
-58.5 1.0016519226969889
-58.4 1.0018277673549096
-58.3 1.0019081152414444
-58.2 1.0018839968345485
-58.1 1.0017522817757856
-58.0 1.0015162111356897
-57.9 1.0011855030678043
-57.8 1.0007759938333445
-57.7 1.0003088235407915
-57.6 0.9998092245849786
-57.5 0.9993050128102923
-57.4 0.9988249098861406
-57.3 0.998396835672351
-57.2 0.9980463002878946
-57.1 0.9977949997734019
-57.0 0.997659682578697
-56.9 0.9976513146573602
-56.8 0.9977745371432962
-56.7 0.9980273893202875
-56.6 0.9984012645850553
-56.5 0.9988810778648586
-56.4 0.9994456447453272
-56.3 1.0000682973543917
-56.2 1.0007177803028895
-56.1 1.0013594729775923
-56.0 1.0019569665823445
-55.9 1.0024739847140907
-55.8 1.0028765796871781
-55.7 1.0031354730770115
-55.6 1.003228351149774
-55.5 1.0031418877273937
-55.4 1.0028732599290837
-55.3 1.002430952238333
-55.2 1.0018347104976018
-55.1 1.0011146012643455
-55.0 1.0003092387156298
-54.9 0.9994633426196639
-54.8 0.9986248685408803
-54.7 0.9978419911316918
-54.6 0.9971602160443073
-54.5 0.9966198476977266
-54.4 0.9962539598787439
-54.3 0.996086921853246
-54.2 0.9961334453502161
-54.1 0.9963980569338705
-54.0 0.9968748792454765
-53.9 0.9975476271799391
-53.8 0.9983897841465946
-53.7 0.999365002211004
-53.6 1.000427844863699
-53.5 1.0015250380649658
-53.4 1.002597394522437
-53.3 1.0035825183243083
-53.2 1.0044182857947146
-53.1 1.0050469511597175
-53.0 1.005419570649808
-52.9 1.0055003097753634
-52.8 1.0052701276470546
-52.7 1.0047293421058556
-52.6 1.0038986776775471
-52.5 1.002818574484897
-52.4 1.001546762549606
-52.3 1.0001543423188557
-52.2 0.9987208142022705
-52.1 0.9973286278008362
-52.0 0.9960578496150344
-51.9 0.9949814708158292
-51.8 0.9941617110203349
-51.7 0.9936474564392527
-51.6 0.9934727500300452
-51.5 0.9936560778658765
-51.4 0.9942001104127867
-51.3 0.9950915805733613
-51.2 0.9963011072189414
-51.1 0.9977829724491614
-51.0 0.9994750816663297
-50.9 1.0012995170701198
-50.8 1.0031641812544874
-50.7 1.0049659805016213
-50.6 1.006595808343295
-50.5 1.0079452837758303
-50.4 1.0089148306473559
-50.3 1.009422331173065
-50.2 1.009411328062949
-50.1 1.0088576539332113
-50.0 1.0077734714946576
-49.9 1.0062080110064262
-49.8 1.0042447472769278
-49.7 1.0019952858433423
-49.6 0.9995907253596978
-49.5 0.9971716300780276
-49.4 0.9948779052377765
-49.3 0.9928397834400919
-49.2 0.9911708176653045
-49.1 0.9899633031763935
-49.0 0.9892860208814548
-48.9 0.989183729557534
-48.8 0.9896775434477364
-48.7 0.9907652879181073
-48.6 0.9924211458863963
-48.5 0.9945943452406649
-48.4 0.9972071900250904
-48.3 1.0001532679397147
-48.2 1.0032970307051647
-48.1 1.0064760275350015
-48.0 1.00950681850019
-47.9 1.0121950227711562
-47.8 1.0143491627082344
-47.7 1.015797105876615
-47.6 1.016403170442447
-47.5 1.0160835215268182
-47.4 1.0148174717756175
-47.3 1.0126527497823226
-47.2 1.0097036573262963
-47.1 1.006142150238653
-47.0 1.0021830326069368
-46.9 0.9980654135418783
-46.8 0.9940331340049792
-46.7 0.9903169006880945
-46.6 0.9871203481585177
-46.5 0.9846112934080412
-46.4 0.982918255489067
-46.3 0.9821311549036262
-46.2 0.9823042531549399
-46.1 0.9834590528842017
-46.0 0.9855851518625337
-45.9 0.9886378871016323
-45.8 0.9925328362383543
-45.7 0.9971385745469247
-45.6 1.0022701853941558
-45.5 1.0076865883538626
-45.4 1.01309458492667
-45.3 1.01816158678468
-45.2 1.0225374240671234
-45.1 1.025883729479837
-45.0 1.0279075584143038
-44.9 1.0283945548160092
-44.8 1.0272364498202495
-44.7 1.0244481687134523
-44.6 1.0201712935368827
-44.5 1.0146628366239336
-44.4 1.0082708004254433
-44.3 1.0014003145131203
-44.2 0.9944757532502796
-44.1 0.9879047801182288
-44.0 0.9820495908597466
-43.9 0.9772088566111743
-43.8 0.9736113709891561
-43.7 0.9714197324730787
-43.6 0.9707401588757162
-43.5 0.9716332723265914
-43.4 0.974120745226448
-43.3 0.97818410165798
-43.2 0.9837544475146012
-43.1 0.9906949061627983
-43.0 0.9987803541842061
-42.9 1.0076809686376138
-42.8 1.016956560859482
-42.7 1.026067431956019
-42.6 1.0344046728171645
-42.5 1.041338954598637
-42.4 1.0462827076377097
-42.3 1.0487570838789193
-42.2 1.0484530776564835
-42.1 1.045276205059637
-42.0 1.0393663560243434
-41.9 1.0310885001908707
-41.8 1.0209950804265482
-41.7 1.0097661162585088
-41.6 0.9981371503552684
-41.5 0.986827276947491
-41.4 0.9764790685245607
-41.3 0.9676192867429491
-41.2 0.9606444118547351
-41.1 0.9558292992104634
-41.0 0.9533519622532924
-40.9 0.9533238388914317
-40.8 0.9558138410559026
-40.7 0.9608563733863553
-40.6 0.9684380198756777
-40.5 0.9784637825463681
-40.4 0.9907102073608177
-40.3 1.0047778922080997
-40.2 1.0200583853395053
-40.1 1.0357295258721686
-40.0 1.0507887819462631
-39.9 1.0641268569917772
-39.8 1.074635208899667
-39.7 1.0813330190259187
-39.6 1.083493426080208
-39.5 1.0807469562738008
-39.4 1.0731427161727045
-39.3 1.0611547773840677
-39.2 1.045631019887434
-39.1 1.0276925293258279
-39.0 1.0086011563233015
-38.9 0.9896189186763579
-38.8 0.9718841082717635
-38.7 0.9563248368986563
-38.6 0.9436220818168368
-38.5 0.93422289895798
-38.4 0.9283928813982716
-38.3 0.9262878273105846
-38.2 0.9280201629779621
-38.1 0.9336971702720658
-38.0 0.9434153974086192
-37.9 0.9572073189466208
-37.8 0.9749497844191602
-37.7 0.9962559160858416
-37.6 1.0203798761984508
-37.5 1.0461651491124944
-37.4 1.0720608870866741
-37.3 1.096218315037345
-37.2 1.1166625925124527
-37.1 1.131518390474671
-37.0 1.1392536036455527
-36.9 1.1388984223245058
-36.8 1.1301984660895819
-36.7 1.1136710347978451
-36.6 1.090550977826091
-36.5 1.0626337563785628
-36.4 1.032043527675247
-36.3 1.000969039676885
-36.2 0.9714163030066159
-36.1 0.9450227399044252
-36.0 0.9229634233087436
-35.9 0.9059589886236507
-35.8 0.8943714004927701
-35.7 0.8883532901342641
-35.6 0.8880038945824718
-35.5 0.8934829858366627
-35.4 0.9050444159889434
-35.3 0.9229711349287899
-35.2 0.947419442737433
-35.1 0.9782059490065742
-35.0 1.0145900807616157
-34.9 1.055112996459023
-34.8 1.0975477645464449
-34.7 1.1389960842197102
-34.6 1.1761372600456543
-34.5 1.2056016987861737
-34.4 1.2244112319836913
-34.3 1.2304090714591924
-34.2 1.2225981866827167
-34.1 1.201320139000152
-34.0 1.1682349092365778
-33.9 1.1261004750012564
-33.8 1.0783908498229697
-33.7 1.0288242538560959
-33.6 0.9808915044474275
-33.5 0.9374740116683838
-33.4 0.9006204869916123
-33.3 0.8715155851931207
-33.2 0.8506298659780583
-33.1 0.8379984608824314
-33.0 0.833545406436902
-32.9 0.8373592286697331
-32.8 0.8498364188153574
-32.7 0.871641253632016
-32.6 0.9034764125795695
-32.5 0.945708839656131
-32.4 0.9979376645813806
-32.3 1.0586152869185037
-32.2 1.1248321324757093
-32.1 1.1923487032068314
-32.0 1.2559099404384242
-31.9 1.3098164302218704
-31.8 1.3486676797791832
-31.7 1.368148096220396
-31.6 1.3657072826772376
-31.5 1.340998475551678
-31.4 1.295981252247568
-31.3 1.2346590827506418
-31.2 1.1624955835147743
-31.1 1.085619599113256
-31.0 1.0099735488393569
-30.9 0.9405712441721925
-30.8 0.8810069561776689
-30.7 0.8333012881005186
-30.6 0.7980931643988922
-30.5 0.7751077518263841
-30.4 0.7637655126059715
-30.3 0.7637632546111711
-30.2 0.7754630141595252
-30.1 0.7999691952636488
-30.0 0.8388497516269647
-29.9 0.8935469755000517
-29.8 0.9646072121844155
-29.7 1.0509165552674218
-29.6 1.1491463652606078
-29.5 1.253582093233762
-29.4 1.3564357395648343
-29.3 1.4486407435981858
-29.2 1.5210198078881352
-29.1 1.565625345162162
-29.0 1.5770003324142976
-28.9 1.5531079935315442
-28.8 1.4957342871315218
-28.7 1.4102677467577418
-28.6 1.3048863462662768
-28.5 1.1893039266820815
-28.4 1.0733219673021854
-28.3 0.9654744018253975
-28.2 0.8720328467206417
-28.1 0.7965597833535591
-28.0 0.7400742506141621
-27.9 0.7017551595211492
-27.8 0.6799828007394904
-27.7 0.673438524375966
-27.6 0.6819659211940925
-27.5 0.7069501408596347
-27.4 0.7510853631852645
-27.3 0.8175497540453445
-27.2 0.9087590671808726
-27.1 1.024988990932198
-27.0 1.1632130437779902
-26.9 1.3164810043842128
-26.8 1.4740635664762847
-26.7 1.6224310120076744
-26.6 1.7469503421187005
-26.5 1.8340169415213552
-26.4 1.8732223136851525
-26.3 1.859127028987067
-26.2 1.79226871003721
-26.1 1.679179010303601
-26.0 1.5313823114850085
-25.9 1.363560067759691
-25.8 1.1912418244083138
-25.7 1.0284864493076715
-25.6 0.8860199980436874
-25.5 0.770196515743352
-25.4 0.6829647791386698
-25.3 0.6227968034260072
-25.2 0.5863133916245314
-25.1 0.5701786834392618
-25.0 0.5727687007210642
-24.9 0.5951666238811127
-24.8 0.6411925826889372
-24.7 0.7164057749424102
-24.6 0.8262709673111113
-24.5 0.9739016327190074
-24.4 1.1579254746143524
-24.3 1.3710300778797173
-24.2 1.5996286116046616
-24.1 1.8248590084406604
-24.0 2.024841695314277
-23.9 2.177833605971551
-23.8 2.265695032663509
-23.7 2.2769836128246985
-23.6 2.209034271093271
-23.5 2.0685710237124684
-23.4 1.8706896880840376
-23.3 1.6363880613543695
-23.2 1.3891283228877582
-23.1 1.1511257914461537
-23.0 0.9401193443729792
-22.9 0.7672743307486746
-22.8 0.636618128934712
-22.7 0.5460646954176319
-22.6 0.48972323486681246
-22.5 0.4608893063779358
-22.4 0.45495375245706304
-22.3 0.47147672751350017
-22.2 0.5148629558924697
-22.1 0.5934018015954692
-22.0 0.7168303736617837
-21.9 0.8929505149615633
-21.8 1.1240939283080078
-21.7 1.404318691122454
-21.6 1.7181074557298657
-21.5 2.0410404054812648
-21.4 2.3424949542323636
-21.3 2.589970092698964
-21.2 2.754247856836032
-21.1 2.814377344202183
-21.0 2.761455062013318
-20.9 2.600389484392324
-20.8 2.34923731164379
-20.7 2.036200808290039
-20.6 1.6948709602106982
-20.5 1.3586795396217761
-20.4 1.0556972344772761
-20.3 0.8048411593181558
-20.2 0.6142444384180192
-20.1 0.48205801632920303
-20.0 0.3994058153065791
-19.9 0.3547219574868458
-19.8 0.338376373496018
-19.7 0.34642028740477426
-19.6 0.38247890210481617
-19.5 0.45724696878010296
-19.4 0.5856113901425772
-19.3 0.7820064050910893
-19.2 1.055067304960161
-19.1 1.4028777106942245
-19.0 1.8100423308927154
-18.9 2.2474657787133543
-18.8 2.6751482856775555
-18.7 3.0476428305403855
-18.6 3.321202986902516
-18.5 3.4612274877378018
-18.4 3.4484779020554925
-18.3 3.282748509992001
-18.2 2.98316729620597
-18.1 2.5850009437534385
-18.0 2.1335753433049267
-17.9 1.6765430489501885
-17.8 1.2560895323884866
-17.7 0.9026852127278088
-17.6 0.6316500073102599
-17.5 0.44317136384341266
-17.4 0.32564119952942544
-17.3 0.2614245167795238
-17.2 0.23361388543730766
-17.1 0.2320903681711569
-17.0 0.25736271088128654
-16.9 0.321166292064216
-16.8 0.4435625749333869
-16.7 0.6471200999874099
-16.6 0.9494880430055229
-16.5 1.3561218570029279
-16.4 1.8549759747444572
-16.3 2.414616001710387
-16.2 2.9864918241694496
-16.1 3.5112043375160007
-16.0 3.9276919261390573
-15.9 4.18356334333586
-15.8 4.244474997703502
-15.7 4.100577312921263
-15.6 3.7686208976444093
-15.5 3.2892036323512746
-15.4 2.719663739618929
-15.3 2.124056406210821
-15.2 1.5622831641750083
-15.1 1.0806278213597253
-15.0 0.7056416148563208
-14.9 0.4425753738516879
-14.8 0.278538620584112
-14.7 0.18950005001993994
-14.6 0.1493709251784644
-14.5 0.13893361176927022
-14.4 0.15240721403509688
-14.3 0.19998305929315846
-14.2 0.3056003615866407
-14.1 0.5003598040195871
-14.0 0.8130353780948462
-13.9 1.2598971303796862
-13.8 1.836319135781102
-13.7 2.5123451924747795
-13.6 3.2335729879522903
-13.5 3.927566475672884
-13.4 4.514767602729941
-13.3 4.921829851138036
-13.2 5.094678446700973
-13.1 5.008565062419106
-13.0 4.6729505795736195
-12.9 4.13010517411805
-12.8 3.4476355913952133
-12.7 2.706446096378826
-12.6 1.9866234291173408
-12.5 1.3541834316774994
-12.4 0.8514207576017199
-12.3 0.49279894115663647
-12.2 0.26707899172926525
-12.1 0.1449839784226092
-12.0 0.090448616295282
-11.9 0.07269071086025526
-11.8 0.07615502402424716
-11.7 0.10587031854943973
-11.6 0.18682493429998412
-11.5 0.3573710046436969
-11.4 0.658096760609431
-11.3 1.1187335109927503
-11.2 1.746224720891398
-11.1 2.516938691902309
-11.0 3.3751709504721648
-10.9 4.238731544817217
-10.8 5.010840201727241
-10.7 5.596108759406412
-10.6 5.91740336772907
-10.5 5.930079986640993
-10.4 5.630556684661798
-10.3 5.057334920927034
-10.2 4.2841654449878295
-10.1 3.406727417533876
-10.0 2.525581346391831
-9.9 1.7289546222073473
-9.8 1.078938835286637
-9.7 0.6039086635111629
-9.6 0.2985779579142424
-9.5 0.13139692907592332
-9.4 0.05734709776029636
-9.3 0.032979632779149184
-9.2 0.030045266037284142
-9.1 0.04439943200480169
-9.0 0.09796681873457946
-8.9 0.23317314817238294
-8.8 0.5010349823049485
-8.7 0.9456358363102035
-8.6 1.5886539578323229
-8.5 2.4177198034439638
-8.4 3.3816289310176795
-8.3 4.393973364673296
-8.2 5.344899195155189
-8.1 6.1188616770674455
-8.0 6.614845052346863
-7.9 6.764865517934954
-7.8 6.54684008496513
-7.7 5.989036915021551
-7.6 5.1650842999537225
-7.5 4.180522309571236
-7.4 3.1536904872892793
-7.3 2.194953444456304
-7.2 1.388600759787629
-7.1 0.7811381810265307
-7.0 0.37824655825711423
-6.9 0.1507410642120318
-6.8 0.04784923712840554
-6.7 0.014494301564111712
-6.6 0.008389508871443753
-6.5 0.012822719923479923
-6.4 0.04202715785788293
-6.3 0.13776996274105424
-6.2 0.3578560351062616
-6.1 0.7591734138095599
-6.0 1.3792571846783772
-5.9 2.2208068959427236
-5.8 3.2430413796629574
-5.7 4.362325224821856
-5.6 5.462467605766068
-5.5 6.4129268465897304
-5.4 7.091338570633653
-5.3 7.405733695956832
-5.2 7.311770243355089
-5.1 6.821291762480349
-5.0 6.000336519286884
-4.9 4.956961089048398
-4.8 3.8214164871573977
-4.7 2.722842171894374
-4.6 1.7673599247485643
-4.5 1.0220937173126492
-4.4 0.5082899452007624
-4.3 0.20466455147028778
-4.2 0.059816256115527655
-4.1 0.010530353948955217
-4.0 0.0015079600588433818
-3.9 0.0017823918281759657
-3.8 0.013891095706422798
-3.7 0.07357850447128947
-3.6 0.24002879420992332
-3.5 0.5788653490671201
-3.4 1.14189729874855
-3.3 1.9484426011250953
-3.2 2.972810833032554
-3.1 4.141231891257641
-3.0 5.339451201113694
-2.9 6.429835130309942
-2.8 7.274673111791909
-2.7 7.760911325495276
-2.6 7.82113801592048
-2.5 7.446364257232305
-2.4 6.687854090182706
-2.3 5.6475813290989905
-2.2 4.459315348309642
-2.1 3.264328551605716
-2.0 2.1868329594616203
-1.9 1.3142454999348518
-1.8 0.6862541028743055
-1.7 0.29466226450475264
-1.6 0.09357471438082228
-1.5 0.017191525170448904
-1.4 0.0008158546764951005
-1.3 2.2794412901449928e-05
-1.2 0.0034292293007571373
-1.1 0.036034313397754834
-1.0 0.15232068458291603
-0.9 0.4207153644170077
-0.8 0.9030605667019665
-0.7 1.6339718529480194
-0.6 2.605082132680027
-0.5 3.7581511117643775
-0.4 4.989083665125224
-0.3 6.162477140967962
-0.2 7.133947895979283
-0.1 7.77570264798639
0.0 8.000022794412901
0.1 7.775702647986377
0.2 7.133947895979282
0.3 6.162477140967965
0.4 4.98908366512523
0.5 3.758151111764381
0.6 2.605082132680029
0.7 1.6339718529480218
0.8 0.9030605667019665
0.9 0.42071536441700724
1.0 0.15232068458291603
1.1 0.03603431339775489
1.2 0.003429229300757142
1.3 2.279441290145001e-05
1.4 0.0008158546764950978
1.5 0.01719152517044887
1.6 0.09357471438082231
1.7 0.29466226450475175
1.8 0.6862541028743053
1.9 1.3142454999348514
2.0 2.1868329594616203
2.1 3.264328551605715
2.2 4.4593153483096435
2.3 5.647581329098995
2.4 6.687854090182704
2.5 7.446364257232305
2.6 7.821138015920476
2.7 7.760911325495255
2.8 7.274673111791903
2.9 6.429835130309943
3.0 5.339451201113694
3.1 4.141231891257637
3.2 2.972810833032556
3.3 1.9484426011250962
3.4 1.1418972987485516
3.5 0.5788653490671196
3.6 0.2400287942099234
3.7 0.07357850447128961
3.8 0.013891095706422798
3.9 0.0017823918281759728
4.0 0.0015079600588433822
4.1 0.010530353948955247
4.2 0.05981625611552753
4.3 0.20466455147028825
4.4 0.5082899452007615
4.5 1.022093717312649
4.6 1.7673599247485643
4.7 2.7228421718943716
4.8 3.8214164871573986
4.9 4.956961089048396
5.0 6.000336519286884
5.1 6.821291762480343
5.2 7.311770243355091
5.3 7.405733695956834
5.4 7.091338570633652
5.5 6.41292684658973
5.6 5.462467605766066
5.7 4.3623252248218565
5.8 3.2430413796629587
5.9 2.220806895942724
6.0 1.3792571846783772
6.1 0.7591734138095594
6.2 0.3578560351062625
6.3 0.1377699627410543
6.4 0.04202715785788304
6.5 0.01282271992347993
6.6 0.008389508871443747
6.7 0.014494301564111698
6.8 0.04784923712840557
6.9 0.1507410642120313
7.0 0.37824655825711423
7.1 0.7811381810265308
7.2 1.388600759787627
7.3 2.1949534444563032
7.4 3.153690487289276
7.5 4.180522309571242
7.6 5.1650842999537225
7.7 5.989036915021548
7.8 6.54684008496513
7.9 6.764865517934964
8.0 6.614845052346863
8.1 6.118861677067452
8.2 5.344899195155187
8.3 4.393973364673291
8.4 3.3816289310176835
8.5 2.4177198034439638
8.6 1.5886539578323227
8.7 0.9456358363102024
8.8 0.5010349823049493
8.9 0.2331731481723838
9.0 0.09796681873457948
9.1 0.04439943200480157
9.2 0.030045266037284142
9.3 0.032979632779149184
9.4 0.05734709776029622
9.5 0.13139692907592337
9.6 0.2985779579142424
9.7 0.6039086635111633
9.8 1.0789388352866371
9.9 1.728954622207344
10.0 2.525581346391831
10.1 3.406727417533871
10.2 4.284165444987833
10.3 5.057334920927032
10.4 5.630556684661791
10.5 5.930079986640991
10.6 5.917403367729066
10.7 5.596108759406417
10.8 5.010840201727247
10.9 4.238731544817226
11.0 3.3751709504721656
11.1 2.516938691902311
11.2 1.7462247208913948
11.3 1.1187335109927512
11.4 0.6580967606094327
11.5 0.3573710046436971
11.6 0.1868249342999842
11.7 0.10587031854943958
11.8 0.07615502402424712
11.9 0.07269071086025525
12.0 0.09044861629528203
12.1 0.1449839784226094
12.2 0.2670789917292659
12.3 0.4927989411566364
12.4 0.8514207576017185
12.5 1.3541834316774988
12.6 1.98662342911734
12.7 2.70644609637883
12.8 3.4476355913952124
12.9 4.130105174118049
13.0 4.67295057957362
13.1 5.0085650624191125
13.2 5.094678446700974
13.3 4.921829851138047
13.4 4.514767602729941
13.5 3.927566475672894
13.6 3.2335729879522903
13.7 2.5123451924747773
13.8 1.8363191357811
13.9 1.2598971303796875
14.0 0.8130353780948459
14.1 0.5003598040195875
14.2 0.3056003615866398
14.3 0.19998305929315888
14.4 0.1524072140350971
14.5 0.13893361176927022
14.6 0.14937092517846431
14.7 0.18950005001994005
14.8 0.2785386205841116
14.9 0.4425753738516869
15.0 0.7056416148563206
15.1 1.080627821359724
15.2 1.5622831641750112
15.3 2.1240564062108227
15.4 2.7196637396189267
15.5 3.289203632351277
15.6 3.7686208976444058
15.7 4.100577312921267
15.8 4.244474997703501
15.9 4.183563343335861
16.0 3.9276919261390555
16.1 3.511204337515997
16.2 2.9864918241694496
16.3 2.4146160017103866
16.4 1.8549759747444585
16.5 1.356121857002929
16.6 0.9494880430055226
16.7 0.6471200999874102
16.8 0.443562574933387
16.9 0.32116629206421665
17.0 0.2573627108812868
17.1 0.2320903681711569
17.2 0.2336138854373076
17.3 0.26142451677952405
17.4 0.3256411995294253
17.5 0.44317136384341344
17.6 0.631650007310259
17.7 0.9026852127278086
17.8 1.2560895323884846
17.9 1.6765430489501936
18.0 2.1335753433049285
18.1 2.5850009437534434
18.2 2.9831672962059717
18.3 3.2827485099920013
18.4 3.448477902055491
18.5 3.4612274877378044
18.6 3.321202986902515
18.7 3.047642830540381
18.8 2.6751482856775564
18.9 2.247465778713351
19.0 1.8100423308927145
19.1 1.4028777106942232
19.2 1.0550673049601618
19.3 0.7820064050910888
19.4 0.5856113901425776
19.5 0.45724696878010324
19.6 0.3824789021048164
19.7 0.34642028740477415
19.8 0.33837637349601807
19.9 0.354721957486846
20.0 0.3994058153065788
20.1 0.4820580163292031
20.2 0.6142444384180192
20.3 0.8048411593181548
20.4 1.0556972344772755
20.5 1.358679539621776
20.6 1.6948709602106993
20.7 2.0362008082900425
20.8 2.3492373116437912
20.9 2.600389484392322
21.0 2.761455062013319
21.1 2.814377344202185
21.2 2.7542478568360305
21.3 2.5899700926989673
21.4 2.3424949542323628
21.5 2.0410404054812674
21.6 1.7181074557298661
21.7 1.404318691122454
21.8 1.1240939283080078
21.9 0.8929505149615626
22.0 0.7168303736617837
22.1 0.5934018015954686
22.2 0.5148629558924701
22.3 0.47147672751350106
22.4 0.4549537524570633
22.5 0.46088930637793624
22.6 0.4897232348668122
22.7 0.546064695417631
22.8 0.6366181289347113
22.9 0.7672743307486743
23.0 0.9401193443729784
23.1 1.1511257914461526
23.2 1.3891283228877596
23.3 1.6363880613543722
23.4 1.8706896880840385
23.5 2.068571023712472
23.6 2.2090342710932727
23.7 2.2769836128246994
23.8 2.265695032663509
23.9 2.177833605971549
24.0 2.0248416953142763
24.1 1.8248590084406586
24.2 1.5996286116046612
24.3 1.3710300778797175
24.4 1.1579254746143521
24.5 0.9739016327190059
24.6 0.8262709673111113
24.7 0.7164057749424108
24.8 0.6411925826889369
24.9 0.5951666238811127
25.0 0.5727687007210641
25.1 0.5701786834392626
25.2 0.5863133916245309
25.3 0.622796803426006
25.4 0.682964779138669
25.5 0.7701965157433512
25.6 0.8860199980436878
25.7 1.0284864493076706
25.8 1.1912418244083147
25.9 1.3635600677596904
26.0 1.5313823114850096
26.1 1.6791790103036022
26.2 1.7922687100372112
26.3 1.85912702898707
26.4 1.8732223136851525
26.5 1.8340169415213536
26.6 1.746950342118701
26.7 1.6224310120076708
26.8 1.4740635664762847
26.9 1.31648100438421
27.0 1.1632130437779902
27.1 1.0249889909321985
27.2 0.9087590671808723
27.3 0.8175497540453448
27.4 0.751085363185265
27.5 0.7069501408596346
27.6 0.6819659211940919
27.7 0.6734385243759652
27.8 0.6799828007394894
27.9 0.7017551595211495
28.0 0.7400742506141615
28.1 0.7965597833535585
28.2 0.8720328467206412
28.3 0.9654744018253957
28.4 1.0733219673021852
28.5 1.189303926682082
28.6 1.3048863462662772
28.7 1.4102677467577438
28.8 1.4957342871315216
28.9 1.5531079935315435
29.0 1.5770003324142974
29.1 1.5656253451621622
29.2 1.5210198078881338
29.3 1.4486407435981832
29.4 1.3564357395648325
29.5 1.253582093233763
29.6 1.1491463652606086
29.7 1.050916555267422
29.8 0.9646072121844146
29.9 0.8935469755000508
30.0 0.8388497516269652
30.1 0.7999691952636476
30.2 0.775463014159525
30.3 0.7637632546111718
30.4 0.7637655126059715
30.5 0.7751077518263838
30.6 0.798093164398892
30.7 0.8333012881005157
30.8 0.8810069561776674
30.9 0.9405712441721931
31.0 1.009973548839358
31.1 1.085619599113256
31.2 1.1624955835147748
31.3 1.234659082750643
31.4 1.295981252247568
31.5 1.3409984755516775
31.6 1.3657072826772376
31.7 1.368148096220396
31.8 1.3486676797791832
31.9 1.3098164302218709
32.0 1.2559099404384233
32.1 1.1923487032068298
32.2 1.1248321324757091
32.3 1.0586152869185064
32.4 0.9979376645813811
32.5 0.9457088396561321
32.6 0.9034764125795699
32.7 0.8716412536320148
32.8 0.8498364188153583
32.9 0.8373592286697328
33.0 0.8335454064369019
33.1 0.8379984608824318
33.2 0.8506298659780572
33.3 0.8715155851931204
33.4 0.9006204869916127
33.5 0.9374740116683861
33.6 0.980891504447428
33.7 1.028824253856094
33.8 1.078390849822969
33.9 1.126100475001255
34.0 1.1682349092365774
34.1 1.2013201390001509
34.2 1.2225981866827167
34.3 1.2304090714591929
34.4 1.2244112319836922
34.5 1.205601698786173
34.6 1.1761372600456539
34.7 1.1389960842197095
34.8 1.0975477645464424
34.9 1.0551129964590218
35.0 1.014590080761616
35.1 0.9782059490065742
35.2 0.9474194427374322
35.3 0.9229711349287908
35.4 0.9050444159889438
35.5 0.893482985836664
35.6 0.8880038945824719
35.7 0.8883532901342622
35.8 0.8943714004927696
35.9 0.9059589886236515
36.0 0.9229634233087436
36.1 0.9450227399044216
36.2 0.9714163030066174
36.3 1.000969039676885
36.4 1.0320435276752478
36.5 1.062633756378565
36.6 1.090550977826091
36.7 1.1136710347978431
36.8 1.1301984660895825
36.9 1.1388984223245073
37.0 1.1392536036455536
37.1 1.1315183904746713
37.2 1.1166625925124531
37.3 1.0962183150373466
37.4 1.0720608870866757
37.5 1.0461651491124961
37.6 1.020379876198452
37.7 0.9962559160858416
37.8 0.9749497844191611
37.9 0.9572073189466201
38.0 0.9434153974086217
38.1 0.9336971702720673
38.2 0.928020162977964
38.3 0.9262878273105863
38.4 0.9283928813982735
38.5 0.9342228989579827
38.6 0.9436220818168397
38.7 0.9563248368986563
38.8 0.971884108271766
38.9 0.9896189186763613
39.0 1.0086011563233048
39.1 1.02769252932583
39.2 1.045631019887438
39.3 1.0611547773840724
39.4 1.073142716172709
39.5 1.0807469562738066
39.6 1.0834934260802136
39.7 1.0813330190259238
39.8 1.0746352088996716
39.9 1.0641268569917801
40.0 1.0507887819462685
40.1 1.035729525872176
40.2 1.020058385339512
40.3 1.0047778922081083
40.4 0.9907102073608284
40.5 0.9784637825463782
40.6 0.9684380198756917
40.7 0.9608563733863696
40.8 0.9558138410559162
40.9 0.9533238388914451
41.0 0.9533519622533058
41.1 0.9558292992104734
41.2 0.9606444118547482
41.3 0.9676192867429645
41.4 0.9764790685245773
41.5 0.9868272769475074
41.6 0.9981371503552913
41.7 1.0097661162585372
41.8 1.0209950804265795
41.9 1.0310885001909027
42.0 1.039366356024378
42.1 1.0452762050596742
42.2 1.0484530776565189
42.3 1.0487570838789533
42.4 1.0462827076377457
42.5 1.0413389545986738
42.6 1.034404672817203
42.7 1.0260674319560652
42.8 1.0169565608595341
42.9 1.0076809686376753
43.0 0.9987803541842776
43.1 0.9906949061628777
43.2 0.9837544475146881
43.3 0.9781841016580718
43.4 0.9741207452265409
43.5 0.9716332723266856
43.6 0.9707401588758092
43.7 0.9714197324731713
43.8 0.973611370989251
43.9 0.977208856611272
44.0 0.982049590859857
44.1 0.9879047801183576
44.2 0.9944757532504322
44.3 1.0014003145133006
44.4 1.0082708004256498
44.5 1.014662836624161
44.6 1.020171293537121
44.7 1.024448168713698
44.8 1.0272364498204958
44.9 1.0283945548162552
45.0 1.0279075584145505
45.1 1.0258837294800858
45.2 1.0225374240673817
45.3 1.0181615867849592
45.4 1.013094584926991
45.5 1.0076865883542412
45.6 1.0022701853946094
45.7 0.9971385745474491
45.8 0.992532836238938
45.9 0.9886378871022541
46.0 0.9855851518631742
46.1 0.9834590528848477
46.2 0.9823042531555889
46.3 0.9821311549042757
46.4 0.9829182554897185
46.5 0.9846112934087098
46.6 0.9871203481592322
46.7 0.9903169006888966
46.8 0.9940331340059267
46.9 0.9980654135430098
47.0 1.00218303260826
47.1 1.0061421502401482
47.2 1.0097036573279083
47.3 1.0126527497840019
47.4 1.0148174717773235
47.5 1.01608352152853
47.6 1.0164031704441603
47.7 1.0157971058783333
47.8 1.0143491627099774
47.9 1.0121950227729886
48.0 1.009506818502216
48.1 1.006476027537358
48.2 1.0032970307079756
48.3 1.0001532679430383
48.4 0.9972071900288896
48.5 0.9945943452448249
48.6 0.992421145890775
48.7 0.9907652879225828
48.8 0.9896775434522446
48.9 0.9891837295620434
49.0 0.9892860208859672
49.1 0.9899633031809468
49.2 0.9911708176700206
49.3 0.9928397834452097
49.4 0.9948779052436396
49.5 0.9971716300849899
49.6 0.9995907253679831
49.7 1.0019952858529424
49.8 1.0042447472875973
49.9 1.0062080110177951
50.0 1.0077734715063846
50.1 1.0088576539450662
50.2 1.0094113280748247
50.3 1.0094223311849415
50.4 1.0089148306592928
50.5 1.007945283788056
50.6 1.0065958083563302
50.7 1.0049659805162945
50.8 1.0031641812717564
50.9 1.0012995170907248
51.0 0.9994750816904708
51.1 0.9977829724763869
51.2 0.9963011072483445
51.3 0.9950915806039707
51.4 0.9942001104438869
51.5 0.9936560778970936
51.6 0.9934727500612579
51.7 0.993647456470533
51.8 0.9941617110520977
51.9 0.9949814708491541
52.0 0.9960578496518513
52.1 0.9973286278436291
52.2 0.9987208142532882
52.3 1.0001543423791666
52.4 1.001546762618576
52.5 1.0028185745604543
52.6 1.0038986777570922
52.7 1.0047293421872212
52.8 1.005270127728975
52.9 1.005500309857335
53.0 1.005419570731833
53.1 1.0050469512425004
53.2 1.0044182858804098
53.3 1.003582518417232
53.4 1.002597394628781
53.5 1.0015250381911065
53.6 1.0004278450136919
53.7 0.9993650023846944
53.8 0.9983897843396067
53.9 0.9975476273856089
54.0 0.996874879457539
54.1 0.9963980571481956
54.2 0.9961334455649181
54.3 0.9960869220679275
54.4 0.9962539600944741
54.5 0.9966198479186156
54.6 0.9971602162796581
54.7 0.9978419913963527
54.8 0.9986248688520116
54.9 0.9994633429905512
55.0 1.0003092391497863
55.1 1.001114601753648
55.2 1.0018347110258878
55.3 1.0024309527882294
55.4 1.002873260487759
55.5 1.003141888288193
55.6 1.0032283517105614
55.7 1.0031354736390488
55.8 1.0028765802579036
55.9 1.0024739853127786
56.0 1.0019569672432802
56.1 1.0013594737448954
56.2 1.0007177812162824
56.3 1.0000682984324698
56.4 0.999445645976463
56.5 0.9988810792121122
56.6 0.9984012660023102
56.7 0.9980273907693045
56.8 0.9977745386017854
56.9 0.9976513161165754
57.0 0.9976596840388335
57.1 0.9977950012470657
57.2 0.998046301813426
57.3 0.9983968373259956
57.4 0.9988249117767392
57.5 0.9993050150490641
57.6 0.9998092272416101
57.7 1.0003088266109095
57.8 1.0007759972390795
57.9 1.0011855066923905
58.0 1.0015162148701358
58.1 1.0017522855489
58.2 1.0018840006141247
58.3 1.001908119020951
58.4 1.0018277711536867
58.5 1.0016519265879067
58.6 1.0013945121272767
58.7 1.0010732822439636
58.8 1.0007085534150388
58.9 1.0003219080872334
59.0 0.9999349564968064
59.1 0.9995682203699459
59.2 0.9992401771572856
59.3 0.998966481730249
59.4 0.9987593675752879
59.5 0.9986272225365823
59.6 0.9985743340571491
59.7 0.9986008030144282
59.8 0.9987026301856722
59.9 0.9988719817595499
60.0 0.9990976377120745
60.1 0.9993656183571862
60.2 0.999659970710822
60.3 0.9999636796882546
60.4 1.0002596527418017
60.5 1.0005317137112386
60.6 1.0007655352455986
60.7 1.0009494408713144
60.8 1.001075017858037
60.9 1.0011374991961886
61.0 1.0011358947582585
61.1 1.0010728748761835
61.2 1.0009544308654919
61.3 1.000789353731148
61.4 1.000588582658555
61.5 1.0003644784028247
61.6 1.0001300740052081
61.7 0.9998983479776186
61.8 0.9996815552985158
61.9 0.9994906413746041
62.0 0.9993347552544808
62.1 0.9992208718393427
62.2 0.999153528812784
62.3 0.9991346819617456
62.4 0.999163681443794
62.5 0.9992373701691107
62.6 0.9993503027853234
62.7 0.9994950792134383
62.8 0.9996627803239748
62.9 0.9998434858136198
63.0 1.000026846757686
63.1 1.0002026790032954
63.2 1.0003615397875292
63.3 1.0004952496207928
63.4 1.0005973249334692
63.5 1.0006632939885363
63.6 1.0006908782881896
63.7 1.0006800329116412
63.8 1.0006328504977562
63.9 1.000553343588661
64.0 1.000447127734878
64.1 1.0003210325318743
64.2 1.0001826695156228
64.3 1.0000399849466555
64.4 0.9999008226389132
64.5 0.9997725179711896
64.6 0.9996615398499383
64.7 0.9995731932832986
64.8 0.9995113917108706
64.9 0.999478505353274
65.0 0.9994752894005619
65.1 0.9995008935139248
65.2 0.9995529515275924
65.3 0.9996277471743197
65.4 0.9997204480804535
65.5 0.9998253963723351
65.6 0.9999364403911046
65.7 1.0000472887372325
65.8 1.0001518656857193
65.9 1.0002446463593495
66.0 1.0003209511629634
66.1 1.0003771818648564
66.2 1.0004109861077304
66.3 1.0004213425770472
66.4 1.0004085649515975
66.5 1.0003742284806936
66.6 1.0003210280116026
66.7 1.0002525801148423
66.8 1.0001731844035133
66.9 1.0000875601988641
67.0 1.000000574515359
67.1 0.999916976199409
67.2 0.9998411492798656
67.3 0.9997768964779157
67.4 0.9997272616108446
67.5 0.999694397441069
67.6 0.9996794834044215
67.7 0.9996826955644811
67.8 0.9997032290145134
67.9 0.9997393707332841
68.0 0.9997886185926785
68.1 0.9998478398859973
68.2 0.9999134605410908
68.3 0.9999816743021478
68.4 1.0000486598274778
68.5 1.0001107930533657
68.6 1.000164842447
68.7 1.0002081359501998
68.8 1.0002386904280598
68.9 1.0002552971091647
69.0 1.0002575595867431
69.1 1.000245884154083
69.2 1.0002214252850306
69.3 1.0001859916949405
69.4 1.0001419204507989
69.5 1.0000919279473346
69.6 1.000038947219871
69.7 0.9999859610859226
69.8 0.9999358401064781
69.9 0.999891193464086
70.0 0.9998542396913309
70.1 0.9998267028486292
70.2 0.9998097383110712
70.3 0.9998038908196414
70.4 0.9998090859057797
70.5 0.9998246542301623
70.6 0.9998493868151673
70.7 0.9998816176403803
70.8 0.999919328676014
70.9 0.9999602712345022
71.0 1.0000020966229006
71.1 1.000042488573621
71.2 1.0000792898917814
71.3 1.0001106162141455
71.4 1.0001349507030006
71.5 1.0001512148223655
71.6 1.000158811951753
71.7 1.0001576423560627
71.8 1.0001480898185757
71.9 1.000130981930285
72.0 1.000107527494349
72.1 1.0000792356476151
72.2 1.0000478220586644
72.3 1.0000151079227368
72.4 0.999982917482054
72.5 0.9999529795279922
72.6 0.9999268378560526
72.7 0.9999057749807178
72.8 0.9998907525850573
72.9 0.9998823711952117
73.0 0.9998808504839996
73.1 0.9998860305059661
73.2 0.9998973931291362
73.3 0.9999141019910732
73.4 0.9999350584491773
73.5 0.9999589701894234
73.6 0.999984428433653
73.7 1.0000099891554355
73.8 1.0000342535237767
73.9 1.0000559430197589
74.0 1.0000739652514945
74.1 1.0000874672543496
74.2 1.0000958738430095
74.3 1.0000989093455523
74.4 1.0000966019009225
74.5 1.0000892705526985
74.6 1.00007749657696
74.7 1.0000620815858345
74.8 1.0000439956324405
74.9 1.0000243186742792
75.0 1.000004178522291
75.1 0.9999846882060425
75.2 0.9999668857931261
75.3 0.9999516799921656
75.4 0.9999398048822691
75.5 0.9999317864280582
75.6 0.9999279221037948
75.7 0.9999282735458246
75.8 0.9999326713829172
75.9 0.9999407314742477
76.0 0.9999518821703567
76.1 0.9999654019917056
76.2 0.9999804658302358
76.3 0.9999961959662832
76.4 1.0000117131291963
76.5 1.0000261834937356
76.6 1.0000388596194667
76.7 1.0000491153863795
76.8 1.0000564753504109
76.9 1.0000606373927248
77.0 1.0000614856282624
77.1 1.0000590904825113
77.2 1.0000536955206887
77.3 1.0000456944683755
77.4 1.000035603886238
77.5 1.0000240352149778
77.6 1.0000116655432771
77.7 0.9999992032386179
77.8 0.9999873458972907
77.9 0.9999767336967369
78.0 0.9999679068811752
78.1 0.9999612766267959
78.2 0.9999571124814736
78.3 0.9999555412013241
78.4 0.9999565480944169
78.5 0.9999599766599945
78.6 0.999965531849214
78.7 0.9999727979266989
78.8 0.9999812770029438
78.9 0.9999904408946054
79.0 0.9999997775978953
79.1 1.0000088151721254
79.2 1.0000171214095652
79.3 1.0000242960102699
79.4 1.000029977455575
79.5 1.0000338729427358
79.6 1.0000357966946969
79.7 1.0000356896631415
79.8 1.0000336051162029
79.9 1.00002967273984
